Raster_environnement/Raster_relative_humidity_winter.asc
NCOLS 79 
NROWS 71 
XLLCORNER -10.5 
YLLCORNER 36 
CELLSIZE 0.5 
NODATA_value -9999 
[rows 44 to 65 of 71, columns 0 to 49 of 79]
-9999 -9999 -9999 -9999 -9999 -9999 -9999 -9999 -9999 -9999 -9999 -9999 -9999 -9999 -9999 -9999 -9999 -9999 79.5098724365234 80.7824885050456 81.4154891967773 82.6320495605469 84.880381266276 86.7632548014323 87.531728108724 88.0876820882161 87.8994445800781 88.1053009033203 88.3372192382812 88.7004623413086 89.1606699625651 89.4660720825195 89.7452952067057 89.7762629191081 89.761484781901 89.6940790812175 89.500966389974 88.6388804117839 88.6904017130534 89.0175603230794 89.7339553833008 90.3815358479818 90.9510447184245 91.556749979655 92.6397959391276 93.1771825154622 93.584831237793 93.7273101806641 93.489013671875 93.3071797688802
-9999 -9999 -9999 -9999 -9999 -9999 -9999 -9999 -9999 -9999 -9999 -9999 -9999 -9999 77.6341145833333 -9999 -9999 -9999 83.812619527181 87.0617065429688 87.9871317545573 88.454823811849 88.6370849609375 88.3482996622721 88.0476226806641 87.687868754069 86.7741317749023 87.3986002604167 87.9716059366862 88.712651570638 89.3096186319987 89.1996612548828 88.9420115152995 88.7986602783203 89.1047643025716 89.5547561645508 90.4637832641602 92.3255945841471 92.6897481282552 92.6518732706706 92.1875788370768 91.8812942504883 91.5527318318685 91.0339965820312 91.0880482991536 91.5936482747396 92.3608856201172 93.8594741821289 94.7923914591471 95.5002721150716
-9999 -9999 -9999 -9999 -9999 -9999 -9999 -9999 -9999 -9999 -9999 -9999 79.9861602783203 82.0933074951172 83.2834981282552 84.1599477132161 85.3055063883464 86.2775573730469 87.2505264282227 88.4803136189779 88.5759404500325 88.5624643961589 88.4349187215169 87.7648773193359 87.3965072631836 87.0607299804688 86.6921920776367 87.5571467081706 88.2804896036784 89.1124445597331 89.9380544026693 90.1646219889323 90.3027598063151 90.8669687906901 91.2024307250977 91.5885747273763 92.2352447509766 93.4572728474935 93.3476206461589 92.8334197998047 91.8019663492839 91.1628036499023 90.5000483194987 89.5073547363281 88.8917465209961 88.6666361490885 88.5602518717448 88.9558283487956 89.6174138387044 90.5453364054362
-9999 -9999 -9999 -9999 -9999 -9999 -9999 -9999 -9999 -9999 -9999 -9999 -9999 -9999 81.9525578816732 82.9468561808268 85.1135991414388 86.2974116007487 87.3564605712891 88.3293024698893 88.1238199869792 87.9629669189453 87.7874755859375 87.3081309000651 87.0678838094075 86.8556645711263 86.6298395792643 87.8441747029622 88.7664566040039 89.6766840616862 90.324826558431 90.3630015055339 90.2593994140625 89.8188171386719 89.7100830078125 89.7731679280599 90.1785176595052 91.1506856282552 91.6328201293945 92.0204086303711 92.2338256835938 92.3759231567383 92.3807779947917 92.0424601236979 91.7734451293945 91.8261896769206 92.0154444376628 92.9729741414388 93.0889205932617 93.3923823038737
-9999 -9999 -9999 -9999 -9999 -9999 -9999 -9999 -9999 -9999 -9999 -9999 -9999 -9999 -9999 -9999 -9999 85.0863393147786 86.5768864949544 87.7844975789388 87.419932047526 87.1955922444661 87.0288213094075 86.8895492553711 86.8303705851237 86.7695643107096 86.580571492513 88.161865234375 89.2899322509766 90.2736409505208 90.6465174357096 90.3461507161458 89.8207295735677 88.0056025187175 87.4253997802734 87.1951700846354 87.5063145955404 88.3224512736003 89.6574503580729 91.284309387207 93.1450831095378 94.3174133300781 95.2083892822266 95.7555847167969 96.0638987223307 96.6111272176107 97.3422063191732 99.1801986694336 98.6501973470052 98.085828145345
-9999 -9999 -9999 -9999 -9999 -9999 -9999 -9999 -9999 -9999 -9999 -9999 -9999 -9999 -9999 -9999 -9999 81.4894510904948 83.9527308146159 87.395258585612 87.7771199544271 87.8214975992839 87.5447336832682 87.5720825195312 87.555793762207 87.4833780924479 86.87562306722 87.8720575968425 88.6681009928385 89.5235443115234 90.0483856201172 89.2491124471029 88.1936314900716 88.4541447957357 90.6833928426107 93.3029861450195 97.7751897176107 98.86865234375 99.7997080485026 100.761250813802 100.550168355306 100.473963419596 100.130009969076 98.9722951253255 98.6128285725911 98.223508199056 97.7591069539388 96.8688354492188 95.9286295572917 94.8371225992839
-9999 -9999 -9999 -9999 -9999 -9999 -9999 -9999 -9999 -9999 -9999 -9999 -9999 -9999 -9999 -9999 -9999 -9999 -9999 85.235715230306 86.2423324584961 87.0092163085938 87.8189086914062 88.7352676391602 88.9465993245443 88.9874649047852 88.2286173502604 88.786382039388 88.9989649454753 88.8335927327474 88.3011830647786 87.5274937947591 86.8863703409831 90.6986083984375 93.8594182332357 95.6502888997396 95.7082188924154 92.470219930013 89.6533355712891 86.7605463663737 89.686767578125 90.9749120076497 91.7033767700195 91.3218002319336 88.8446960449219 86.7368494669596 84.4336191813151 86.9921620686849 88.7454884847005 90.382822672526
-9999 -9999 -9999 -9999 -9999 -9999 -9999 -9999 -9999 -9999 -9999 -9999 -9999 -9999 -9999 -9999 -9999 -9999 -9999 83.9580281575521 85.3691813151042 86.500742594401 87.7696050008138 89.1108932495117 89.5242716471354 89.7596435546875 89.4135894775391 89.9940388997396 89.8110046386719 88.5212427775065 87.2246297200521 86.4893010457357 86.1946589152018 93.041882832845 95.1547393798828 95.075803120931 90.9460932413737 84.9996109008789 80.9883066813151 77.2614949544271 82.2310002644857 84.0102310180664 85.1662394205729 85.2269694010417 82.0571085611979 79.0111287434896 75.51988474528 79.5870157877604 83.15513865153 86.7385406494141
-9999 -9999 -9999 -9999 -9999 -9999 -9999 -9999 -9999 -9999 -9999 -9999 -9999 -9999 -9999 -9999 -9999 -9999 -9999 -9999 85.4330800374349 86.3781458536784 87.0656178792318 88.0971552530925 88.7458241780599 89.4152959187825 90.7581965128581 92.2754262288411 91.901845296224 88.8204345703125 87.0188395182292 86.3627522786458 86.4245045979818 96.5461908976237 93.2966918945312 88.534558614095 78.9330368041992 72.3427200317383 71.6514333089193 72.6691614786784 78.380002339681 79.1405690511068 79.6360015869141 79.6669591267904 78.3125864664714 -9999 -9999 -9999 78.3806686401367 -9999
-9999 -9999 -9999 -9999 -9999 -9999 -9999 -9999 -9999 -9999 -9999 -9999 -9999 -9999 -9999 -9999 -9999 -9999 -9999 83.8693288167318 87.3047892252604 88.9283803304036 89.3382670084635 90.0800323486328 90.5562286376953 91.0895131429036 92.5448913574219 92.5710652669271 91.0171559651693 86.6857070922852 84.7074788411458 84.3040669759115 84.7751312255859 96.3092600504557 92.248301188151 88.7379150390625 84.7124481201172 82.632074991862 84.1811854044596 86.9479497273763 90.2380294799805 89.4206924438477 88.3016408284505 85.9669621785482 82.4764200846354 78.7102737426758 -9999 -9999 -9999 -9999
-9999 -9999 -9999 -9999 -9999 -9999 -9999 -9999 -9999 -9999 -9999 -9999 -9999 -9999 -9999 -9999 -9999 -9999 78.2017822265625 83.2901992797852 85.7115071614583 86.5526682535807 86.1235834757487 87.0728352864583 87.9052963256836 88.7825368245443 90.1415150960286 89.4333114624023 87.4220682779948 82.8178151448568 80.633544921875 80.4817021687825 81.1299133300781 89.2651799519857 87.8609059651693 86.2769877115885 83.6762008666992 80.2100346883138 -9999 -9999 85.8751068115234 87.1366017659505 87.9450607299805 87.944325764974 85.805046081543 82.6594950358073 -9999 -9999 -9999 -9999
-9999 -9999 -9999 -9999 -9999 75.2298227945964 -9999 -9999 -9999 -9999 -9999 -9999 -9999 -9999 -9999 -9999 -9999 -9999 77.4471537272135 82.5818939208984 83.0411326090495 82.5959243774414 81.0822397867839 82.3624064127604 83.6891123453776 85.0292154947917 86.1521301269531 84.8386535644531 82.5556640625 78.0173263549805 75.6264724731445 75.7389780680339 76.4941024780273 79.4864323933919 81.9014612833659 82.5788650512695 -9999 -9999 -9999 -9999 -9999 -9999 84.7559763590495 88.7159042358398 89.0986099243164 87.1245473225911 83.892827351888 74.181650797526 -9999 -9999
-9999 -9999 -9999 83.4665908813477 86.5081558227539 88.5287068684896 89.0112609863281 89.3724212646484 89.7528966267904 89.6718928019206 89.1621780395508 88.5619964599609 87.4549763997396 85.6614430745443 84.6322377522786 83.8531595865885 84.1323699951172 84.9873377482096 85.9232381184896 87.1852238972982 86.2688293457031 84.8706258138021 82.4754918416341 81.6298395792643 80.4666188557943 79.0931828816732 76.1936213175456 73.0506871541341 -9999 -9999 -9999 -9999 69.7157262166341 68.4969762166341 -9999 -9999 -9999 -9999 -9999 -9999 -9999 -9999 74.5401026407878 82.7068430582682 85.8670756022135 86.8318634033203 87.0802815755208 78.7700907389323 74.0843836466471 -9999
-9999 -9999 -9999 84.264030456543 87.7547836303711 89.7569351196289 89.9597956339518 89.890007019043 89.654909769694 88.5486501057943 87.6063715616862 86.7342096964518 85.9001032511393 85.77796681722 85.3600184122721 84.5946884155273 83.7688522338867 84.0062154134115 84.4801610310872 85.9883778889974 86.8302103678385 87.2825037638346 87.5118942260742 87.4409459431966 85.3094991048177 82.5726064046224 76.9415690104167 -9999 -9999 -9999 -9999 -9999 -9999 -9999 -9999 -9999 -9999 -9999 -9999 -9999 -9999 -9999 -9999 74.8259887695312 81.20396677653 84.5248362223307 87.1692047119141 85.0592727661133 80.7438507080078 -9999
-9999 -9999 -9999 -9999 88.4884745279948 90.3628743489583 89.6179860432943 88.8770802815755 87.9628143310547 86.1717046101888 85.1378606160482 84.3245086669922 84.1428604125977 85.559331258138 85.7781448364258 85.1771138509115 82.9499766031901 82.0923665364583 81.5266265869141 82.0362777709961 83.4424692789714 84.7697067260742 86.506965637207 87.4169845581055 85.3617197672526 82.527333577474 76.3021621704102 -9999 -9999 -9999 -9999 -9999 -9999 -9999 -9999 -9999 -9999 -9999 76.5482177734375 79.4115168253581 -9999 -9999 -9999 -9999 76.1212361653646 80.7025299072266 85.2438557942708 88.1568272908529 85.2209116617839 81.4706649780273
-9999 -9999 -9999 84.621576944987 88.311164855957 89.7509333292643 86.1171951293945 83.8763198852539 81.864626566569 79.9147288004557 79.5520553588867 79.5959065755208 81.2147216796875 84.4686991373698 85.636479695638 85.6176605224609 80.7394688924154 77.2342020670573 73.8628641764323 70.0612869262695 69.4582087198893 69.721425374349 70.9479014078776 73.7111129760742 74.2094395955404 74.2052332560221 72.1584904988607 -9999 -9999 -9999 -9999 -9999 -9999 -9999 -9999 -9999 -9999 -9999 73.6611251831055 75.7125956217448 -9999 -9999 -9999 -9999 -9999 -9999 77.8354034423828 85.0040537516276 86.3593521118164 86.6773401896159
-9999 -9999 -9999 -9999 87.4600092569987 88.7778396606445 85.2596715291341 83.7448272705078 82.9643046061198 82.8386510213216 83.238515218099 83.6415837605794 84.0487747192383 84.4474207560221 84.4933878580729 84.2922566731771 82.1640141805013 80.332389831543 78.4045715332031 75.3377431233724 73.137461344401 71.4672317504883 69.7116978963216 68.4552942911784 68.1178970336914 -9999 -9999 -9999 -9999 -9999 -9999 -9999 -9999 -9999 -9999 -9999 -9999 -9999 -9999 74.06312306722 -9999 -9999 -9999 -9999 -9999 -9999 -9999 73.9884033203125 77.526725769043 80.5069046020508
-9999 -9999 -9999 -9999 85.6292215983073 87.3743667602539 84.6133524576823 83.6868209838867 83.54185740153 83.9353230794271 84.1860529581706 84.1637776692708 82.8560307820638 81.678820292155 81.3343938191732 81.5010096232096 81.8589146931966 81.54478708903 80.9480565388997 78.7238184611003 75.4523010253906 72.9296722412109 70.2265497843425 -9999 -9999 -9999 -9999 -9999 -9999 -9999 -9999 -9999 -9999 -9999 -9999 -9999 -9999 74.4388173421224 75.8753840128581 76.398920694987 -9999 -9999 -9999 -9999 -9999 -9999 -9999 -9999 -9999 -9999
-9999 -9999 -9999 80.2944056193034 83.2301025390625 85.6479110717773 83.9622065226237 83.6475499471029 84.0065282185872 84.5238215128581 84.2866973876953 83.511240641276 80.1018346150716 77.6057612101237 77.0802993774414 77.853017171224 80.9084701538086 82.2425969441732 83.1002578735352 81.859608968099 77.570691426595 74.4714075724284 -9999 -9999 -9999 -9999 -9999 -9999 -9999 -9999 -9999 -9999 -9999 -9999 -9999 -9999 -9999 -9999 80.907470703125 80.4214019775391 -9999 -9999 -9999 -9999 -9999 -9999 -9999 -9999 -9999 -9999
-9999 -9999 -9999 77.0979868570964 79.6378428141276 81.8944905598958 81.7870661417643 81.2207590738932 80.2698771158854 79.61851755778 79.7846806844075 79.7997385660807 78.8881632486979 77.5763371785482 76.893185933431 76.465929667155 76.3814086914062 75.6841456095378 74.6507415771484 71.5146789550781 67.5926005045573 -9999 -9999 -9999 -9999 -9999 -9999 -9999 -9999 -9999 -9999 -9999 -9999 -9999 -9999 -9999 -9999 -9999 74.9547449747721 76.4524917602539 -9999 -9999 -9999 -9999 -9999 -9999 -9999 -9999 -9999 -9999
-9999 -9999 75.1306864420573 77.2182312011719 79.1500345865885 81.1678822835286 81.1967595418294 80.7786229451497 80.0174916585286 80.0028839111328 80.6139831542969 80.9873377482096 80.1710103352865 78.7474619547526 77.9960530598958 77.5117645263672 76.6903355916341 75.4699681599935 74.0592142740885 71.3741556803385 68.7162450154622 -9999 -9999 -9999 -9999 -9999 -9999 -9999 -9999 -9999 -9999 -9999 -9999 -9999 -9999 -9999 -9999 -9999 72.544687906901 73.1516087849935 -9999 -9999 -9999 -9999 -9999 -9999 -9999 -9999 -9999 -9999
-9999 -9999 75.2577336629232 76.9805450439453 78.6533177693685 80.7243041992188 81.0901692708333 80.9601160685221 80.5286254882812 80.729601542155 81.2462463378906 81.4690551757812 80.2646509806315 79.015375773112 78.4067942301432 78.0859018961589 76.7978591918945 75.147699991862 73.4045639038086 70.9981155395508 69.5484313964844 -9999 -9999 -9999 -9999 -9999 -9999 -9999 -9999 -9999 -9999 -9999 -9999 -9999 -9999 -9999 -9999 -9999 -9999 -9999 -9999 -9999 -9999 -9999 -9999 -9999 -9999 -9999 -9999 -9999
