Raster_environnement/Raster_precipitation_winter.asc
NCOLS 79 
NROWS 71 
XLLCORNER -10.5 
YLLCORNER 36 
CELLSIZE 0.5 
NODATA_value -9999 
[rows 44 to 65 of 71, columns 0 to 49 of 79]
-9999 -9999 -9999 -9999 -9999 -9999 -9999 -9999 -9999 -9999 -9999 -9999 -9999 -9999 -9999 -9999 -9999 -9999 3.6861413042061 3.54147059842944 3.39479483664036 3.21668107062578 2.94150842819363 2.84842225955799 2.83337360015139 2.8217769227922 2.73037059232593 2.78702529030852 2.84836431965232 2.94145331718028 3.06031425716355 3.13399768201634 3.19571541622281 3.11973975040019 2.93662219773978 2.75915268575773 2.51498590805568 2.36820621066727 2.42901587043889 2.55755570833571 2.77563030249439 2.87799717625603 2.95549866277725 3.00211157882586 3.20037690689787 3.29370353138074 3.36045313160866 3.25485372450203 3.02256206050515 2.80084636760876
-9999 -9999 -9999 -9999 -9999 -9999 -9999 -9999 -9999 -9999 -9999 -9999 -9999 -9999 3.74040207825601 -9999 -9999 -9999 3.40538893360645 3.25637503992766 3.21507048793137 3.14136223169044 3.00809437176213 2.80879429774359 2.67993275192566 2.55575831397437 2.4017249175813 2.55229742615484 2.67411953536794 2.80761800240725 2.89281889563426 2.8964274097234 2.88552202982828 2.91736121289432 2.94745203573257 2.99802686786279 3.10809592483565 3.37543924106285 3.55152511037886 3.71734513901174 3.75224518356845 3.65627270657569 3.53619261877611 3.30645994981751 3.29322586767375 3.36901660775766 3.49251253064722 3.69899893412367 3.70426486479118 3.62493140855804
-9999 -9999 -9999 -9999 -9999 -9999 -9999 -9999 -9999 -9999 -9999 -9999 3.70375587372109 3.52336359210312 3.40442931046709 3.29450106946751 3.09871835634112 3.03647539112717 2.98823146149516 2.94458982534707 2.8794472978916 2.83185364678502 2.78427461162209 2.65394177986309 2.57090216036886 2.49603306292556 2.45460943551734 2.70609995350242 2.90898035746068 3.13032106496394 3.35370087996125 3.50360367447138 3.65536515600979 3.95955741405487 3.95657743792981 3.90813789563254 3.75536293722689 3.53760800790042 3.41585174901411 3.30829652957618 3.14217433333397 3.0483084381558 2.96019189991057 2.85055754939094 2.83508109860122 2.78741531074047 2.71921082166955 2.56096447119489 2.46321047306992 2.3848824261222
-9999 -9999 -9999 -9999 -9999 -9999 -9999 -9999 -9999 -9999 -9999 -9999 -9999 -9999 3.36822011740878 3.22705472353846 2.96643175533973 2.89690622594208 2.84791814046912 2.81189135857858 2.72233219002374 2.67042416380718 2.63704328681342 2.57708632852882 2.55266570602544 2.53833626629785 2.58351430529729 2.91254717158154 3.18687449907884 3.50104687968269 3.72906125849113 3.76695280428976 3.76543767051771 3.72039583744481 3.60427232226357 3.47992238821462 3.2865114393644 3.07069115806371 2.99793173326179 2.95909523265436 2.92682207655162 2.91250892914832 2.89547040592879 2.86462164949626 3.05147910257801 3.10192925389856 3.10632818145677 2.89561729878187 2.64448877424002 2.44622569880448
-9999 -9999 -9999 -9999 -9999 -9999 -9999 -9999 -9999 -9999 -9999 -9999 -9999 -9999 -9999 -9999 -9999 2.85838085110299 2.79236828209832 2.73269426543266 2.61707424069755 2.55199337261729 2.51347465091385 2.52423858619295 2.5601964793168 2.60683113592677 2.72204537177458 3.12536295969039 3.47382224863395 3.89264782425016 4.09539317479357 3.94496556837112 3.69707172503695 3.1622490962036 2.93577751144767 2.76060003088787 2.60336741921492 2.50470078899525 2.5585220369976 2.66325433622114 2.84687192179263 2.9307478456758 2.99065435538068 3.01474205916747 3.43486159108579 3.62499186303467 3.75453564338386 3.55661156354472 3.14063038676977 2.79469305532984
-9999 -9999 -9999 -9999 -9999 -9999 -9999 -9999 -9999 -9999 -9999 -9999 -9999 -9999 -9999 -9999 -9999 3.59457718441263 3.45201547024772 3.16521157510579 3.03280265070498 2.92784100165591 2.81165671767667 2.75138297583908 2.69239271292463 2.61559331556782 2.35737338662148 2.74591561756097 3.1591359525919 3.77695712959394 4.02813144028187 3.58492049854249 3.0018177931197 3.03052937379107 3.52174630388618 3.96300321444869 4.50427760370076 4.37974944943562 4.24374479334801 4.09452082822099 4.20384263852611 4.21200378332287 4.10466073080897 3.66302265319973 3.3866691053845 3.16739024128765 2.93520638952032 2.5374433316756 2.29128035134636 2.09680945845321
-9999 -9999 -9999 -9999 -9999 -9999 -9999 -9999 -9999 -9999 -9999 -9999 -9999 -9999 -9999 -9999 -9999 -9999 -9999 2.83583840355277 2.83008202677593 2.89569441229105 3.05684823542833 3.26146924635395 3.2650533481501 3.2115483074449 2.85082147456706 3.11519654933363 3.32980983657762 3.56619186932221 3.33184758201241 2.93567336630076 2.5288789649494 3.03855127422139 3.77144980011508 4.19439047109336 4.23294439679012 3.50090606370941 2.95702925068326 2.42427946650423 2.69891425268725 2.94652845477685 3.09213940054178 3.04068363038823 2.74478070787154 2.4282174941618 2.0520438614767 1.93746565491892 2.06281879800372 2.20996729913168
-9999 -9999 -9999 -9999 -9999 -9999 -9999 -9999 -9999 -9999 -9999 -9999 -9999 -9999 -9999 -9999 -9999 -9999 -9999 2.66060408321209 2.74700028821826 2.90202227770351 3.18278371123597 3.45134701346979 3.48840183578432 3.4730062703602 3.24017177335918 3.5447612288408 3.65616971394047 3.55292373569682 2.9446664149873 2.57110285456292 2.28372139390558 3.16507117822766 3.81161127006635 4.05017898883671 3.64470201311633 2.58656070800498 1.91880512866192 1.31113744864706 1.7176067631226 2.03635728685185 2.27905796491541 2.42960003670305 2.22442435333505 1.97430485277437 1.66570596629754 1.92101124557666 2.35092256916687 2.76457567233592
-9999 -9999 -9999 -9999 -9999 -9999 -9999 -9999 -9999 -9999 -9999 -9999 -9999 -9999 -9999 -9999 -9999 -9999 -9999 -9999 2.86423540092073 2.9864109121263 3.12684152740985 3.09167357627302 3.11894346959889 3.18643979262561 3.58610224211589 4.26985766971484 4.42254503723234 3.92147077945992 3.00381582928821 2.61429626843892 2.38404622650705 3.57619137503207 3.45743824727833 3.10989049030468 2.1921856678091 1.22517152340151 0.939314049901441 0.830984368803911 1.35805564932525 1.44723674166016 1.52145451284014 1.5883443527855 1.72759924898855 -9999 -9999 -9999 3.7709346273914 -9999
-9999 -9999 -9999 -9999 -9999 -9999 -9999 -9999 -9999 -9999 -9999 -9999 -9999 -9999 -9999 -9999 -9999 -9999 -9999 3.10201852116734 3.62993341404945 3.94042959669605 4.14789972128347 3.83455997798592 3.73455800581723 3.7142172222957 4.24698513234034 4.68023994471878 4.55721822800115 3.63211648073047 2.6513587392401 2.43210847838782 2.43816665606573 4.00339717743918 3.89456193661317 3.60479262890294 2.85765503067523 2.42587574757636 2.73623069515452 3.30390252638608 4.53652907162905 4.07165929209441 3.6164837074466 2.99984636949375 2.93629582738504 3.04265002487227 -9999 -9999 -9999 -9999
-9999 -9999 -9999 -9999 -9999 -9999 -9999 -9999 -9999 -9999 -9999 -9999 -9999 -9999 -9999 -9999 -9999 -9999 3.34215344628319 2.83708060160279 3.17598871188238 3.33136949921027 3.36046853335574 3.09267479460686 3.07138664647937 3.12945196637884 3.66892539896071 3.98909408831969 3.85181925958022 3.04000123869628 2.20623017521575 2.09839955787174 2.19646520563401 3.48850409500301 3.62530021229759 3.53968818672001 3.00934065598994 2.53118524560705 -9999 -9999 3.96466178353876 3.76113984966651 3.57811083085835 3.37188940029591 3.36615534033626 3.37491128593683 -9999 -9999 -9999 -9999
-9999 -9999 -9999 -9999 -9999 3.66550904000178 -9999 -9999 -9999 -9999 -9999 -9999 -9999 -9999 -9999 -9999 -9999 -9999 3.03953216644004 2.38124106545001 2.34959513763897 2.23463529255241 1.99400782585144 1.86502217547968 1.98290201369673 2.16742280172184 2.66507043270394 2.89921512594447 2.82490070094354 2.30330015765503 1.70215283869766 1.69679654063657 1.84812954976223 2.64266701997258 3.10680312104523 3.28182501252741 -9999 -9999 -9999 -9999 -9999 -9999 2.90863460395485 3.45435506897047 3.58742878306657 3.48496420774609 3.27220332110301 3.02962339483202 -9999 -9999
-9999 -9999 -9999 4.28692657733336 4.06523718265817 4.14756224490702 4.22306328546256 4.29353832732886 4.37796714249998 4.54702499555424 4.55234698019922 4.47815414518118 4.03990508057177 3.40498817386106 3.09507065685466 2.93071515625343 2.92545687407255 3.04958143969998 3.20204291492701 3.49063498433679 3.38221726706252 3.09655781602487 2.52841387409717 2.14641859056428 1.94249112973921 1.75860699964687 1.56109536183067 1.57590477028862 -9999 -9999 -9999 -9999 1.77010387997143 1.73722177860327 -9999 -9999 -9999 -9999 -9999 -9999 -9999 -9999 2.46942623052746 2.49554596957751 2.66330525628291 2.87273019785061 3.13272415660322 3.90944599639624 3.83103507338092 -9999
-9999 -9999 -9999 4.28802879760042 4.16621019830927 4.49697057483718 4.41594701260328 4.23901205649599 3.96781997988001 3.56661232654005 3.36014656350017 3.15515632973984 2.84796576015651 2.63429884216748 2.51961559988558 2.44303559884429 2.31135018984787 2.35211772378534 2.45288108708337 2.87617295980453 3.27575682895258 3.42168220086023 3.36771049769595 3.3683352638036 3.10660436516628 2.76336846873164 2.00182436965406 -9999 -9999 -9999 -9999 -9999 -9999 -9999 -9999 -9999 -9999 -9999 -9999 -9999 -9999 -9999 -9999 2.50442643882707 2.39620868233033 2.67605701228604 3.15565295750275 4.20349803753197 4.2391364229843 -9999
-9999 -9999 -9999 -9999 4.1814457741566 4.57470025867224 4.23389071365818 3.83693928597495 3.31530882976949 2.60549553204328 2.3165198857896 2.08309944137 1.94310625665821 2.10148022160865 2.15439837193117 2.1454582863953 1.85561699909158 1.75915281870402 1.73351226258092 2.07472424372099 2.64016837463714 2.98178211087361 3.22542308131233 3.49948176881298 3.29560789978132 2.96735517913476 2.07766031962819 -9999 -9999 -9999 -9999 -9999 -9999 -9999 -9999 -9999 -9999 -9999 3.72094789054245 4.36256728135049 -9999 -9999 -9999 -9999 2.27053168346174 2.50216023414396 2.98027200624347 4.18616206152365 4.31313458830118 4.2126813554205
-9999 -9999 -9999 4.17720411205664 4.00182766607031 4.04666592366993 3.10111421858892 2.46110258158296 1.83619654853828 1.30852865986526 1.20724614243954 1.17398405272979 1.3521567278076 1.91477437620051 2.13699722662568 2.17533442773856 1.59028659691103 1.17594460607506 0.798737144214101 0.517380530072842 0.512757779506501 0.574908177077305 0.726729261805303 1.12679459271021 1.2747248634696 1.37588809593581 1.32856675190851 -9999 -9999 -9999 -9999 -9999 -9999 -9999 -9999 -9999 -9999 -9999 2.42411633371376 2.54476885311306 -9999 -9999 -9999 -9999 -9999 -9999 2.27068816311657 3.43232617015019 3.63361851777881 3.5870986408554
-9999 -9999 -9999 -9999 3.71657065115869 3.84194569196552 2.95417128363624 2.4799985869322 2.11918940185569 2.14876746176742 2.27229801239446 2.36157072940841 2.28899628273211 2.29840093525127 2.23471801145934 2.09735422977246 1.77129321964458 1.61264165653847 1.4819533273112 1.4199900557287 1.31675086158793 1.1520665284479 0.865263733430766 0.782379113661591 0.817936364910565 -9999 -9999 -9999 -9999 -9999 -9999 -9999 -9999 -9999 -9999 -9999 -9999 -9999 -9999 1.85778885497712 -9999 -9999 -9999 -9999 -9999 -9999 -9999 2.19752829289064 2.19495389610529 2.19021848752163
-9999 -9999 -9999 -9999 3.49346974398941 3.80158420884982 3.08602962177247 2.74598471587524 2.5302933587227 2.69571508979425 2.77720300946385 2.76550920680165 2.32262704521418 2.01912215561606 1.84960308833979 1.72727670287713 1.74228942487389 1.83166785864159 1.93051710957661 2.06147779827006 1.88942938693799 1.6391014913097 1.21826816175599 -9999 -9999 -9999 -9999 -9999 -9999 -9999 -9999 -9999 -9999 -9999 -9999 -9999 -9999 2.08934752154164 2.06326602492481 2.00690175988711 -9999 -9999 -9999 -9999 -9999 -9999 -9999 -9999 -9999 -9999
-9999 -9999 -9999 3.19254957139492 3.26492573367432 3.8140622433275 3.33202559268102 3.13136953627691 3.03672412410378 3.20647275075316 3.14696700079367 2.94338744133711 2.04286745865829 1.47264716215432 1.24764427018818 1.20924517395906 1.63591275340877 2.00097072520293 2.35146823106334 2.68964952556416 2.4508521950338 2.15403653564863 -9999 -9999 -9999 -9999 -9999 -9999 -9999 -9999 -9999 -9999 -9999 -9999 -9999 -9999 -9999 -9999 2.42085236823186 2.46816774015315 -9999 -9999 -9999 -9999 -9999 -9999 -9999 -9999 -9999 -9999
-9999 -9999 -9999 3.06732226163149 2.98820935422555 2.88007651688531 2.54184419754893 2.22720353049226 1.85089447768405 1.75107811228372 1.82617556420155 1.86267723329365 1.6806306259241 1.479761878727 1.35805433965288 1.25761273666285 1.24752304691356 1.26078549656086 1.26504476065747 1.19173852144741 0.965694099431857 -9999 -9999 -9999 -9999 -9999 -9999 -9999 -9999 -9999 -9999 -9999 -9999 -9999 -9999 -9999 -9999 -9999 1.65272826561704 1.74249897245318 -9999 -9999 -9999 -9999 -9999 -9999 -9999 -9999 -9999 -9999
-9999 -9999 2.67445863573812 2.56513184867799 2.46625289437361 2.34958303626627 2.1539619890973 2.01154627720825 1.86442449339665 1.95713667199016 2.13827981497161 2.26057964027859 2.11383792338893 1.88051355653442 1.73348067328334 1.60521995276213 1.54294628882781 1.50381359271705 1.45354407140985 1.30317791481502 1.1132803192595 -9999 -9999 -9999 -9999 -9999 -9999 -9999 -9999 -9999 -9999 -9999 -9999 -9999 -9999 -9999 -9999 -9999 1.64275935385376 1.6426132468041 -9999 -9999 -9999 -9999 -9999 -9999 -9999 -9999 -9999 -9999
-9999 -9999 2.37150778993964 2.22384652588516 2.09978194325231 1.9922053499613 1.96373391081579 1.99101674370468 2.05518812290393 2.2682101582177 2.40840529440902 2.47701269108802 2.23945080069825 2.03011716948822 1.92066837335005 1.85159730026498 1.80094608804211 1.71104394248687 1.60086948308162 1.35859334841371 1.24484191183001 -9999 -9999 -9999 -9999 -9999 -9999 -9999 -9999 -9999 -9999 -9999 -9999 -9999 -9999 -9999 -9999 -9999 -9999 -9999 -9999 -9999 -9999 -9999 -9999 -9999 -9999 -9999 -9999 -9999
