Raster_environnement/Raster_human_pop_density_log10.asc
NCOLS 79 
NROWS 71 
XLLCORNER -10.5 
YLLCORNER 36 
CELLSIZE 0.5 
NODATA_value -9999 
[rows 44 to 65 of 71, columns 0 to 49 of 79]
-9999 -9999 -9999 -9999 -9999 -9999 -9999 -9999 -9999 -9999 -9999 -9999 -9999 -9999 -9999 -9999 -9999 -9999 5.14790114094257 5.06160419175956 5.54725086019686 5.34864460085995 5.29289171027895 5.82180750291205 5.25901688503593 5.78244207556337 5.486157586416 5.17354859099189 5.1179959997461 5.37747799819655 4.79418372043295 4.84790608847724 5.3611020248914 5.89180205138724 5.86638028145215 5.81753578761158 5.50873385672582 6.0228284038985 5.98905592066351 5.75297130321489 5.38952951539878 5.30452516250831 5.57293462983892 5.90962488513042 5.24759144235273 5.50205655688541 5.22047951583955 4.9780057693053 5.07442121922264 5.12235669386413
-9999 -9999 -9999 -9999 -9999 -9999 -9999 -9999 -9999 -9999 -9999 -9999 -9999 -9999 5.14455304691269 -9999 -9999 -9999 5.09106289913915 5.0600140851733 5.04882147526441 4.8591083089911 4.98236905137863 5.30752040612405 5.82298284312806 6.90077956713931 6.26722049576139 5.19417261682656 5.00778487195917 5.09516360113417 5.02902312169824 4.79160455664707 5.01364734493474 5.67875674310617 5.15694977653606 5.33001627038524 5.89298340468519 5.7727026934932 5.85940720779681 6.34330182893145 5.74048886332206 5.57132173847746 5.3132898087475 5.5455746788292 5.3319638854915 5.50886990929059 5.3941318071766 5.37692472096432 5.08282748541742 5.28301694281283
-9999 -9999 -9999 -9999 -9999 -9999 -9999 -9999 -9999 -9999 -9999 -9999 5.38477276933759 4.96046040910545 4.82908586721464 5.20504141372311 5.12553839525251 5.6219265251618 5.29152181739567 5.2086568461283 4.87333926931832 5.40856227964318 4.95667497199052 5.18215044999145 5.01633677449109 5.25956431575538 5.41418267727794 5.17329004765646 4.88749453115431 5.18471169919453 4.76029991436152 4.80495302519802 4.94578468150749 5.23468970322962 5.19809491490168 5.42670117284107 5.80299017740137 5.35329036439005 5.69606235399511 5.55786232700232 5.60902519195202 5.59428627750422 5.80255134891998 5.85462234656215 6.22919529185092 5.27976918310213 5.42866528551893 5.40758190210623 5.31483815799779 5.77470182087065
-9999 -9999 -9999 -9999 -9999 -9999 -9999 -9999 -9999 -9999 -9999 -9999 -9999 -9999 5.38237364607018 5.35011415890812 5.18464725400955 5.13824505161842 5.11428355556455 5.11930992521814 5.13321186689874 5.32920764316315 4.94749146671458 5.16985230814011 5.47459528654011 5.03896304420109 5.12670987474838 4.88118049823188 5.10253290928478 4.73489301569737 4.65724302130175 4.81729891477063 4.78106971506823 4.97570846820943 5.37360429781145 5.61489843484937 6.01120881269507 5.4621922208649 5.71231435639742 5.57837747298494 5.58434963766737 5.49540465229272 5.33501554514485 5.3773297618125 5.31736807721923 5.54737344358373 5.39918183378519 5.53799749681082 5.16965680334308 4.93885826033701
-9999 -9999 -9999 -9999 -9999 -9999 -9999 -9999 -9999 -9999 -9999 -9999 -9999 -9999 -9999 -9999 -9999 5.72762044348905 5.48351923255568 5.53546161715172 5.34604144719197 5.1495307168608 5.58618158149137 4.91288700915416 4.86206151111721 5.24090095611987 4.8551568085553 4.87426319303831 4.6716613589475 4.70838105965014 4.99671215735376 5.50807330168458 5.20264333374713 5.28894842276815 5.42671494162442 5.6188092106847 5.83261312289477 6.06384622354774 6.17197756264173 5.53069696243712 5.70582614803382 4.55640286322004 4.99769542660296 5.43320170042359 5.13074434455481 4.81745948911127 4.8408930594884 4.90796978454415 4.60409018820737 4.56021939994443
-9999 -9999 -9999 -9999 -9999 -9999 -9999 -9999 -9999 -9999 -9999 -9999 -9999 -9999 -9999 -9999 -9999 5.26890843700121 5.23939372769822 5.02616668665515 5.01235951484331 5.32684427800223 5.03110135115235 4.70051321193283 5.10392026700607 4.78024705657956 4.78683066634029 5.11720628129838 4.78668926950162 5.14956149470561 5.29997701501783 5.0519660621456 5.02121178873758 5.1452082095462 5.68878388046923 5.75777605995629 5.49651378322073 5.10352081378472 4.91281933211893 4.77075630909377 5.12628719504942 4.42353958275349 4.6387197976998 5.20347387093749 5.07592067814796 4.56155639380291 4.79273746605298 4.81601598755351 5.15136357676166 5.36311694761922
-9999 -9999 -9999 -9999 -9999 -9999 -9999 -9999 -9999 -9999 -9999 -9999 -9999 -9999 -9999 -9999 -9999 -9999 -9999 5.17496651929975 5.20522420491792 4.95280409306729 4.76715546009089 4.7965402400156 4.83807235086013 4.65228412249617 5.06944163089559 5.16782311690149 4.85591855165518 5.25310623241987 5.34298563399172 5.18994262899776 5.09234632977929 5.85591185708975 5.42038410367271 5.2723481814105 5.04326204465178 4.90661463662358 5.26545533552881 5.12378714508039 5.02121036701146 4.93410007325231 4.67558456525948 5.58898228243133 4.95583373805561 5.14669099324844 5.01453005459599 5.45273450794634 4.69677412520401 5.48100157063266
-9999 -9999 -9999 -9999 -9999 -9999 -9999 -9999 -9999 -9999 -9999 -9999 -9999 -9999 -9999 -9999 -9999 -9999 -9999 5.26381021001642 5.08843312429268 5.29474273905882 4.93344853242341 5.41578522042852 4.6394354756589 4.72206266154381 4.76870552101864 5.65636919198532 4.85904297518873 5.3890399045971 6.19638726830519 5.65663947437067 5.49056259276472 5.51659444913089 5.05353807671312 4.91227820021617 4.79287190595357 5.56436127815284 6.09057757045927 6.44600616765948 5.99306375147561 5.82900589749325 5.31900499206762 5.64838666559675 5.85068356054661 5.93141610470614 5.66282123050774 5.27041194102851 5.66057533782285 4.95815631700805
-9999 -9999 -9999 -9999 -9999 -9999 -9999 -9999 -9999 -9999 -9999 -9999 -9999 -9999 -9999 -9999 -9999 -9999 -9999 -9999 5.00352636603363 4.92871498207123 5.13003408235154 4.92293721085957 5.02800383789827 4.73920316829415 4.55310071750184 4.89672742131167 4.9780836418527 5.55206219903014 5.46161411004233 5.31174975642388 5.74687837228591 4.79001452552397 4.63846347775451 5.20060595913678 6.23409683180898 5.38714474347006 5.7432906023851 6.29892988954484 5.740754562117 5.65151530248675 5.75586499821876 5.73797457321179 5.88155336965899 -9999 -9999 -9999 4.99149576414957 -9999
-9999 -9999 -9999 -9999 -9999 -9999 -9999 -9999 -9999 -9999 -9999 -9999 -9999 -9999 -9999 -9999 -9999 -9999 -9999 5.86405711887388 5.36423568325593 5.14197370711827 4.85727914882397 4.81985900345672 4.85844841790686 5.05590508010232 4.61725723416959 4.65225760023199 4.6329898288717 4.88671680260925 5.47240508801129 4.57133463015431 4.50787968474466 4.77508446789219 4.601228905317 5.32743607867168 5.665748538443 5.47668352774895 5.553702804053 4.93870598342814 5.12204023004787 5.6406827918669 5.93184238031999 5.8231991622685 5.53204707981953 5.03531789795945 -9999 -9999 -9999 -9999
-9999 -9999 -9999 -9999 -9999 -9999 -9999 -9999 -9999 -9999 -9999 -9999 -9999 -9999 -9999 -9999 -9999 -9999 4.71975865649342 4.529480132471 4.4979893188382 4.9194729229713 5.27610904801002 5.18963210475335 4.76304360392407 4.92599155519306 4.99439768851265 4.71038018770233 4.30786162633559 5.19312342387861 5.5015517170577 5.02990435891437 4.67199194242755 4.54895859579257 4.20838671136114 4.7556222175817 5.2291606946785 5.42053053980272 -9999 -9999 5.44505977796953 5.35120715638338 5.13086545364463 5.60689503905415 5.48921196553355 5.75203984831923 -9999 -9999 -9999 -9999
-9999 -9999 -9999 -9999 -9999 4.45503958218547 -9999 -9999 -9999 -9999 -9999 -9999 -9999 -9999 -9999 -9999 -9999 -9999 5.15501275880224 4.89725822244938 4.88776433152169 4.75898553746615 4.88431123735762 5.89178411733323 5.3037223002655 5.28838310494529 4.4544181537464 4.88471674889582 5.67596106309836 5.59880267668356 5.68177834453039 5.68151637302292 5.09078271602115 4.82903386342237 5.4052289861804 5.93637753285586 -9999 -9999 -9999 -9999 -9999 -9999 5.8386428305629 6.01383166850702 5.20420081158707 5.15366778885577 5.58502699403595 5.46549726627889 -9999 -9999
-9999 -9999 -9999 4.92212712901911 5.84806812910639 5.22088429219534 4.75970897090181 4.18476424510254 4.67048666227031 5.7160931685761 4.62662975246809 4.45404756490288 5.38948288189537 5.35298516042448 5.54294732184989 6.02359307224488 5.53923179243979 5.72273441347676 4.99868692264676 5.12520059151001 5.47376483874541 5.27802497538149 5.05293804975479 5.18254647055008 5.1033632722636 5.17572371758691 5.06434864135831 5.46903423518255 -9999 -9999 -9999 -9999 5.71939238124803 5.42347555906741 -9999 -9999 -9999 -9999 -9999 -9999 -9999 -9999 5.15547220767584 5.25437603662369 5.36681431716026 5.4632030360409 5.24574020410782 5.41301859736172 5.48542935928169 -9999
-9999 -9999 -9999 5.47886857506506 5.03664561018888 5.06145889968027 4.72286388015213 4.99657610559901 4.54316793846301 5.32335273187392 4.61284885534549 4.40382656059908 4.79375814524577 4.53515541329572 4.66305313706846 5.39786853420519 4.74583238217507 5.53473926476141 4.39528631783307 4.338407075477 4.40183534458942 3.97931424775079 4.4245441262575 4.8694839609218 5.64914511773219 4.60189256058911 5.47103088182955 -9999 -9999 -9999 -9999 -9999 -9999 -9999 -9999 -9999 -9999 -9999 -9999 -9999 -9999 -9999 -9999 5.07381508805855 4.94086077706973 5.18978024953214 5.4571390741234 4.65118295623696 5.68075741952897 -9999
-9999 -9999 -9999 -9999 4.99040486958083 5.40556930474727 4.53834762717789 4.40334147450341 4.65481944273083 5.06625118719597 4.60328450914361 4.95759726154116 4.47622862059599 5.32881164400895 4.38533538340068 4.75123341138429 5.31529145946371 5.22766371810969 4.68538498513555 4.26613146883578 4.69946488583636 4.46432508049537 4.26792105570764 4.81489169567849 5.35188269112714 4.89619463482917 5.03572724430948 -9999 -9999 -9999 -9999 -9999 -9999 -9999 -9999 -9999 -9999 -9999 4.169837679312 4.56985153725199 -9999 -9999 -9999 -9999 5.07222651136599 5.54585242601263 5.50633122910364 5.2238624574835 5.14478619547438 5.68970192751837
-9999 -9999 -9999 5.49011279169211 5.46673781286609 4.69592506142658 4.93150093566609 4.64407668052155 4.35319408970918 4.93414429849026 4.68935406108724 5.63252011608175 4.62068471942027 4.71786633205189 4.26730247390857 4.19915146395619 4.68470054229671 4.565944156012 5.14110108077751 5.79301921173039 4.62445964413777 4.85579443011469 5.37208348308509 4.98741549303379 5.71245447247252 6.18310755809917 5.65424749411867 -9999 -9999 -9999 -9999 -9999 -9999 -9999 -9999 -9999 -9999 -9999 4.86433314777428 4.61763253027265 -9999 -9999 -9999 -9999 -9999 -9999 6.32584854275019 5.56878367007535 5.25099260974075 5.0586846283695
-9999 -9999 -9999 -9999 5.92567779319146 5.26369656384427 4.74628138597679 4.38000843171417 4.51018381191692 4.66090088744362 4.5300128969952 4.9206010092665 4.47285636919233 4.45753667419705 3.94755495610186 4.31938606845995 4.03511042000743 4.36217245040524 4.58710086213383 4.56970137264183 4.70273061242402 4.3197232631785 4.83083898141715 5.58791438770147 5.87356191848074 -9999 -9999 -9999 -9999 -9999 -9999 -9999 -9999 -9999 -9999 -9999 -9999 -9999 -9999 4.57512742679662 -9999 -9999 -9999 -9999 -9999 -9999 -9999 5.24438985569757 5.4091211783382 5.69258964142882
-9999 -9999 -9999 -9999 5.49551003837505 5.26918432634667 5.03812997551456 4.62690789033939 4.43547512890365 5.36725164521416 4.62826089809141 4.95738113289924 5.58325539581443 5.89890555181134 5.39025007886064 4.49170588463555 3.50822783437908 3.97122156216003 4.52069667693251 4.06043377572347 4.38470838497828 4.5775077319339 5.09804962524845 -9999 -9999 -9999 -9999 -9999 -9999 -9999 -9999 -9999 -9999 -9999 -9999 -9999 -9999 4.98015401977311 5.31249877174191 4.88648825758319 -9999 -9999 -9999 -9999 -9999 -9999 -9999 -9999 -9999 -9999
-9999 -9999 -9999 5.34710405631841 5.51620676069259 5.12862722156469 4.91237145245481 4.50030094527846 4.71479008243405 4.60088091980566 4.30951480926666 4.78407079375765 5.35388429809564 6.6233555761357 5.73671284427681 4.54583501891577 4.52734473103666 3.46039231531186 4.59619572897029 3.97199095492263 4.84365729474328 5.02715337907367 -9999 -9999 -9999 -9999 -9999 -9999 -9999 -9999 -9999 -9999 -9999 -9999 -9999 -9999 -9999 -9999 4.91893671109031 5.03403493149836 -9999 -9999 -9999 -9999 -9999 -9999 -9999 -9999 -9999 -9999
-9999 -9999 -9999 5.74706667276245 5.10713330396772 4.82009046943089 4.65642688430604 4.47016511222619 4.67381255217046 4.70417924847113 4.42507445485735 4.93167148505538 5.04733563149634 4.92670161050276 4.87658319339499 4.60435339572631 4.30658379582364 4.10416940849263 4.58925698844302 5.35287105259629 5.88384345296837 -9999 -9999 -9999 -9999 -9999 -9999 -9999 -9999 -9999 -9999 -9999 -9999 -9999 -9999 -9999 -9999 -9999 5.25192750167319 4.82465647448918 -9999 -9999 -9999 -9999 -9999 -9999 -9999 -9999 -9999 -9999
-9999 -9999 5.3821158344585 5.47191615629031 5.06245182913734 4.53243008927573 4.84708098505154 4.5647266611894 5.10216961505069 4.85457649001008 4.56568685537793 4.02894782961378 4.34970818506629 4.91023108095368 5.03858129522521 4.80918509510696 4.78957195436221 5.01123131599569 4.65901844906913 5.43837851806876 6.06526774528603 -9999 -9999 -9999 -9999 -9999 -9999 -9999 -9999 -9999 -9999 -9999 -9999 -9999 -9999 -9999 -9999 -9999 5.31450728671352 5.63450548327097 -9999 -9999 -9999 -9999 -9999 -9999 -9999 -9999 -9999 -9999
-9999 -9999 6.36941078218649 5.4883214352192 4.68167467931642 4.97912077656189 4.88058897610045 5.33414133256678 5.18508279361073 4.93218003460809 4.61564955467925 4.30737680951844 4.92018522645997 5.03787139692332 4.92591249008422 4.55586775313751 4.26712775569467 5.1515768244564 4.94023149463905 5.39821984843161 5.59927761827942 -9999 -9999 -9999 -9999 -9999 -9999 -9999 -9999 -9999 -9999 -9999 -9999 -9999 -9999 -9999 -9999 -9999 -9999 -9999 -9999 -9999 -9999 -9999 -9999 -9999 -9999 -9999 -9999 -9999
