Raster_environnement/Raster_relative_humidity_spring.asc
NCOLS 79 
NROWS 71 
XLLCORNER -10.5 
YLLCORNER 36 
CELLSIZE 0.5 
NODATA_value -9999 
[rows 44 to 65 of 71, columns 0 to 49 of 79]
-9999 -9999 -9999 -9999 -9999 -9999 -9999 -9999 -9999 -9999 -9999 -9999 -9999 -9999 -9999 -9999 -9999 -9999 82.9367294311523 83.4318186442057 83.4648971557617 83.7723490397135 84.4674504597982 84.8817520141602 84.9254557291667 84.8530069986979 84.0882746378581 84.1573333740234 84.274294535319 84.5044072469075 85.028683980306 85.6153335571289 86.2005462646484 85.8087565104167 84.9171142578125 84.1113993326823 83.1133371988932 82.5656712849935 83.017323811849 83.8055979410807 84.6607259114583 84.806884765625 84.6557922363281 83.6954956054688 84.4548695882161 85.0529937744141 85.6840972900391 86.4121068318685 86.1629104614258 85.8194274902344
-9999 -9999 -9999 -9999 -9999 -9999 -9999 -9999 -9999 -9999 -9999 -9999 -9999 -9999 81.8199768066406 -9999 -9999 -9999 84.5550257364909 86.1073608398438 86.5712687174479 86.6914367675781 86.5121281941732 85.4807840983073 84.7609303792318 84.046635945638 83.0692392985026 83.405527750651 83.5066630045573 83.3322194417318 83.6227467854818 84.5246607462565 85.5693588256836 85.8449478149414 85.7313054402669 85.6554768880208 85.6160252888997 86.3959528605143 87.0961405436198 87.8339309692383 87.840087890625 87.3275705973307 86.6761805216471 85.4096120198568 85.0435562133789 85.1995544433594 85.5884806315104 86.6523234049479 87.4345499674479 87.7858123779297
-9999 -9999 -9999 -9999 -9999 -9999 -9999 -9999 -9999 -9999 -9999 -9999 82.1483764648438 82.8949762980143 83.3436915079753 83.7095311482747 84.1250406901042 84.6568908691406 85.2035140991211 85.8556722005208 85.615971883138 85.454465230306 85.3116607666016 84.4412129720052 83.9940719604492 83.6259994506836 83.5566533406575 84.2495040893555 84.5380045572917 84.4001388549805 84.765744527181 85.9216868082682 87.2643864949544 87.666997273763 87.436159769694 87.1844482421875 86.7852045694987 86.6504313151042 86.8462702433268 87.1511433919271 87.0357513427734 86.5752436319987 85.9679463704427 84.7435582478841 84.3811442057292 84.1785507202148 84.0066197713216 83.7180582682292 83.4970245361328 83.4635238647461
-9999 -9999 -9999 -9999 -9999 -9999 -9999 -9999 -9999 -9999 -9999 -9999 -9999 -9999 82.272824605306 82.5497716267904 83.4684829711914 84.1518402099609 84.7867101033529 85.3246256510417 84.7642466227214 84.5093892415365 84.4661585489909 83.8879699707031 83.6680094401042 83.5489552815755 84.0152155558268 85.1250737508138 85.7392247517904 85.9386266072591 86.1163889567057 86.6243413289388 87.179936726888 86.7256266276042 86.196278889974 85.7199529012044 85.1339950561523 84.5472259521484 84.9504165649414 85.6822026570638 86.4623565673828 86.79722849528 86.9122034708659 86.5211334228516 86.988535563151 87.18896484375 87.3157679239909 87.1780446370443 86.4324747721354 85.8693211873372
-9999 -9999 -9999 -9999 -9999 -9999 -9999 -9999 -9999 -9999 -9999 -9999 -9999 -9999 -9999 -9999 -9999 83.1883748372396 84.0647888183594 84.7173639933268 83.9593963623047 83.6686579386393 83.738042195638 83.5070368448893 83.5118840535482 83.6219380696615 84.5033569335938 86.0360285441081 87.0025278727214 87.6051864624023 87.4925715128581 87.0554504394531 86.478754679362 85.0274251302083 84.238525390625 83.6101633707682 83.0031941731771 82.1192576090495 82.9332275390625 84.3307215372721 86.2616322835286 87.5626780192057 88.5435791015625 89.119873046875 90.5395126342773 91.2713190714518 91.8484242757161 92.1403401692708 90.9551137288411 89.7995427449544
-9999 -9999 -9999 -9999 -9999 -9999 -9999 -9999 -9999 -9999 -9999 -9999 -9999 -9999 -9999 -9999 -9999 81.8400853474935 83.0758056640625 84.9898071289062 85.4336471557617 85.5844853719075 85.4979019165039 85.6215515136719 85.6301345825195 85.5778401692708 85.0436299641927 85.9167607625325 86.3809026082357 86.4852091471354 85.4640553792318 83.4210561116536 81.2563552856445 83.27574412028 85.0540008544922 86.973637898763 89.9857559204102 90.7872009277344 92.3225224812825 94.2203725179036 95.596425374349 95.9157435099284 95.6690877278646 93.8984222412109 92.423957824707 91.2821248372396 90.0871810913086 88.0349349975586 86.5757649739583 85.1788152058919
-9999 -9999 -9999 -9999 -9999 -9999 -9999 -9999 -9999 -9999 -9999 -9999 -9999 -9999 -9999 -9999 -9999 -9999 -9999 82.9622853597005 83.9327723185221 84.7572301228841 85.7393900553385 85.6385294596354 85.2411524454753 84.7767232259115 84.1324055989583 85.1919199625651 85.4614995320638 84.7762298583984 83.3749542236328 81.9262008666992 80.5987701416016 83.533322652181 86.459098815918 88.0109990437825 87.718989054362 85.4196116129557 84.2071533203125 83.2554499308268 86.7727228800456 87.8030827840169 88.2923736572266 87.62074025472 85.0160954793294 82.041020711263 78.4356307983398 79.8239110310872 80.9218343098958 82.0045344034831
-9999 -9999 -9999 -9999 -9999 -9999 -9999 -9999 -9999 -9999 -9999 -9999 -9999 -9999 -9999 -9999 -9999 -9999 -9999 81.2070719401042 82.6162719726562 83.807871500651 85.2208811442057 84.905771891276 84.3644790649414 83.814931233724 83.6435546875 85.0384979248047 85.155512491862 83.5955657958984 82.0176442464193 81.0444183349609 80.3991444905599 84.825444539388 86.7044372558594 86.6599833170573 83.0714772542318 78.6310628255208 76.3518803914388 74.573486328125 79.7394638061523 81.0489781697591 81.8669713338216 81.7828648885091 79.1121470133464 75.9895909627279 72.1804021199544 75.2041015625 77.693120320638 80.1990483601888
-9999 -9999 -9999 -9999 -9999 -9999 -9999 -9999 -9999 -9999 -9999 -9999 -9999 -9999 -9999 -9999 -9999 -9999 -9999 -9999 81.1178944905599 82.2272186279297 82.9979858398438 82.4002965291341 82.169553120931 82.1410522460938 83.7811965942383 85.9422912597656 85.926144917806 82.9635798136393 81.5351003011068 81.0008773803711 81.0151850382487 88.6796722412109 84.7767639160156 80.0677007039388 71.836908976237 66.2538503011068 65.7641576131185 66.7846501668294 73.314079284668 74.17103322347 74.6548182169596 74.3976821899414 73.7203369140625 -9999 -9999 -9999 77.8874994913737 -9999
-9999 -9999 -9999 -9999 -9999 -9999 -9999 -9999 -9999 -9999 -9999 -9999 -9999 -9999 -9999 -9999 -9999 -9999 -9999 75.6754302978516 79.9347788492839 82.0323308308919 82.7408727010091 82.8011830647786 82.9234059651693 83.2012532552083 85.0375620524089 85.4964421590169 83.9078750610352 78.896375020345 77.2708104451497 77.5863393147786 78.7975082397461 89.1536712646484 85.4784749348958 82.0301106770833 77.5003204345703 74.9257253011068 76.3839823404948 79.1825841267904 83.4659601847331 82.3895314534505 81.167490641276 79.080312093099 77.4905090332031 76.6063664754232 -9999 -9999 -9999 -9999
-9999 -9999 -9999 -9999 -9999 -9999 -9999 -9999 -9999 -9999 -9999 -9999 -9999 -9999 -9999 -9999 -9999 -9999 75.0727691650391 75.2408091227214 78.9718983968099 80.5574951171875 80.5817616780599 80.6913070678711 80.9059346516927 81.2250620524089 82.4637807210286 82.2586619059245 80.3338292439779 75.2891947428385 73.0551249186198 73.3621444702148 74.5501912434896 82.2015126546224 81.0819956461589 79.567148844401 76.6701838175456 75.7408498128255 -9999 -9999 81.7968241373698 81.7953135172526 81.6836293538411 81.2493057250977 80.2280553181966 79.0813776652018 -9999 -9999 -9999 -9999
-9999 -9999 -9999 -9999 -9999 79.3060862223307 -9999 -9999 -9999 -9999 -9999 -9999 -9999 -9999 -9999 -9999 -9999 -9999 75.6769332885742 75.8146591186523 78.1006139119466 78.6840744018555 77.7799911499023 77.7264963785807 77.9131800333659 78.1452077229818 78.455685933431 77.8694610595703 75.9876759847005 71.5766169230143 68.5914103190104 68.5869547526042 69.3228988647461 72.4088083902995 74.7458852132161 75.5438588460286 -9999 -9999 -9999 -9999 -9999 -9999 80.4079818725586 82.7962214152018 82.8434219360352 81.6147944132487 79.6793670654297 75.604248046875 -9999 -9999
-9999 -9999 -9999 80.4024480183919 81.2743835449219 83.5670394897461 84.6030120849609 85.2582753499349 85.8610280354818 86.5143763224284 86.6836293538411 86.7228851318359 86.2684809366862 84.913200378418 84.0654474894206 83.3333435058594 83.093739827474 83.0575332641602 83.0353240966797 82.9761047363281 83.9839019775391 83.8194274902344 82.4220860799154 80.155382792155 77.4100646972656 74.5601526896159 71.9192860921224 73.2471033732096 -9999 -9999 -9999 -9999 66.4044609069824 65.1884218851725 -9999 -9999 -9999 -9999 -9999 -9999 -9999 -9999 75.3588307698568 79.186284383138 80.5899912516276 80.9463322957357 80.9440460205078 77.4167073567708 75.7413152058919 -9999
-9999 -9999 -9999 80.0609893798828 81.111457824707 83.5055720011393 83.817138671875 83.5416946411133 82.8806762695312 81.8784408569336 81.5397313435872 81.3286590576172 81.5042470296224 82.257698059082 82.2062733968099 81.5429560343425 79.6278915405273 78.7526016235352 78.123057047526 78.4507624308268 80.9119338989258 82.4495239257812 83.6300150553385 83.0656280517578 80.6839701334635 77.9192682902018 74.3418045043945 -9999 -9999 -9999 -9999 -9999 -9999 -9999 -9999 -9999 -9999 -9999 -9999 -9999 -9999 -9999 -9999 75.6800740559896 78.2183659871419 79.7920608520508 81.2376708984375 80.1248143513997 78.427375793457 -9999
-9999 -9999 -9999 -9999 80.650156656901 82.9298604329427 82.0558395385742 80.8766454060872 79.2515589396159 77.2704518636068 76.7798131306966 76.6116256713867 77.574816385905 79.8387959798177 80.4349848429362 79.9789861043294 76.2496287027995 74.1534271240234 72.4244079589844 71.9622599283854 74.6665395100911 77.0628102620443 80.0339101155599 81.3569946289062 79.9860585530599 78.0924733479818 75.0099385579427 -9999 -9999 -9999 -9999 -9999 -9999 -9999 -9999 -9999 -9999 -9999 75.5697377522786 74.7924499511719 -9999 -9999 -9999 -9999 76.0104827880859 78.0321985880534 80.2571665445964 81.3074289957682 80.1331736246745 78.574587504069
-9999 -9999 -9999 78.6670913696289 79.3067932128906 80.9209467569987 77.3106536865234 74.9325408935547 72.6634190877279 70.9009704589844 71.0323944091797 71.6111297607422 74.0435129801432 77.0152359008789 78.16734568278 78.3254776000977 71.7371775309245 67.0413373311361 62.6237487792969 58.3012377421061 58.5091781616211 60.1284103393555 63.7554880777995 68.1482365926107 69.7048899332682 70.8693110148112 71.8322041829427 -9999 -9999 -9999 -9999 -9999 -9999 -9999 -9999 -9999 -9999 -9999 72.3416697184245 69.9956283569336 -9999 -9999 -9999 -9999 -9999 -9999 75.9024429321289 79.3844731648763 80.2183990478516 80.2725245157878
-9999 -9999 -9999 -9999 78.116221110026 79.593874613444 76.525749206543 75.4011840820312 75.070795694987 75.5007197062175 76.0584411621094 76.561772664388 76.9207407633464 76.5591939290365 75.9693247477214 75.0292739868164 72.2987442016602 70.2658386230469 68.1951077779134 65.113821665446 63.2698872884115 62.4682553609212 62.4135894775391 67.621960957845 70.3788706461589 -9999 -9999 -9999 -9999 -9999 -9999 -9999 -9999 -9999 -9999 -9999 -9999 -9999 -9999 67.9901466369629 -9999 -9999 -9999 -9999 -9999 -9999 -9999 72.8042856852214 74.0845184326172 75.3408737182617
-9999 -9999 -9999 -9999 76.6550089518229 78.7309112548828 76.2001444498698 75.5690460205078 75.8250732421875 76.577143351237 76.6623102823893 76.3652928670247 74.3061955769857 72.1367899576823 70.9520034790039 70.1327209472656 70.6747461954753 71.0276387532552 71.1878484090169 70.144406636556 67.697826385498 66.8460426330566 67.2752354939779 -9999 -9999 -9999 -9999 -9999 -9999 -9999 -9999 -9999 -9999 -9999 -9999 -9999 -9999 74.2187627156575 72.1435241699219 69.275577545166 -9999 -9999 -9999 -9999 -9999 -9999 -9999 -9999 -9999 -9999
-9999 -9999 -9999 74.900266011556 74.9199040730794 77.925526936849 75.9961675008138 75.6517079671224 76.0905151367188 76.5466995239258 75.785535176595 74.3354059855143 69.441276550293 65.7790934244792 64.3298187255859 64.0745760599772 68.0837872823079 71.0169245402018 73.640251159668 75.1639811197917 72.5504786173503 72.4757766723633 -9999 -9999 -9999 -9999 -9999 -9999 -9999 -9999 -9999 -9999 -9999 -9999 -9999 -9999 -9999 -9999 74.0711034138997 71.8751169840495 -9999 -9999 -9999 -9999 -9999 -9999 -9999 -9999 -9999 -9999
-9999 -9999 -9999 74.792111714681 73.7558746337891 72.9133580525716 71.2001291910807 69.4963150024414 67.3939832051595 66.7065022786458 67.2611808776855 67.5289522806803 66.1855125427246 63.8979682922363 62.8838246663411 62.5014686584473 63.2386703491211 63.7317886352539 64.3528747558594 66.1161321004232 69.72691599528 -9999 -9999 -9999 -9999 -9999 -9999 -9999 -9999 -9999 -9999 -9999 -9999 -9999 -9999 -9999 -9999 -9999 71.876225789388 70.4292246500651 -9999 -9999 -9999 -9999 -9999 -9999 -9999 -9999 -9999 -9999
-9999 -9999 72.9029769897461 72.1968078613281 71.7553532918294 71.8392817179362 70.5655835469564 69.1362711588542 67.2834294637044 66.8479512532552 68.0339177449544 68.8972231547038 68.0594037373861 65.6647771199544 64.3289947509766 63.3673502604167 63.1435623168945 63.2228495279948 63.5362739562988 65.3369000752767 70.406379699707 -9999 -9999 -9999 -9999 -9999 -9999 -9999 -9999 -9999 -9999 -9999 -9999 -9999 -9999 -9999 -9999 -9999 74.2803217569987 73.678113301595 -9999 -9999 -9999 -9999 -9999 -9999 -9999 -9999 -9999 -9999
-9999 -9999 71.6902084350586 70.9286829630534 70.5375340779622 71.0107650756836 70.4138577779134 69.545290629069 68.3227068583171 67.9372482299805 68.9598808288574 69.6143862406413 68.3400395711263 66.131888071696 64.8039398193359 63.7202262878418 62.9282302856445 62.6443265279134 62.6580746968587 64.4282938639323 70.8626251220703 -9999 -9999 -9999 -9999 -9999 -9999 -9999 -9999 -9999 -9999 -9999 -9999 -9999 -9999 -9999 -9999 -9999 -9999 -9999 -9999 -9999 -9999 -9999 -9999 -9999 -9999 -9999 -9999 -9999
