Raster_environnement/Raster_temperature_winter.asc
NCOLS 79 
NROWS 71 
XLLCORNER -10.5 
YLLCORNER 36 
CELLSIZE 0.5 
NODATA_value -9999 
[rows 44 to 65 of 71, columns 0 to 48 of 79]
-9999 -9999 -9999 -9999 -9999 -9999 -9999 -9999 -9999 -9999 -9999 -9999 -9999 -9999 -9999 -9999 -9999 -9999 8.17449340820315 7.50456136067709 7.06356201171877 6.48125610351565 5.54309488932296 4.75538533528646 4.41956990559896 4.15226643880209 4.00124511718752 3.85129191080733 3.68279418945315 3.41939697265627 2.99593505859377 2.64319254557296 2.28330891927084 1.92136027018233 1.87329508463546 1.85236002604171 1.87202351888021 1.80833333333334 1.58407999674483 1.28648274739584 0.756758626302087 0.478753662109398 0.249129231770837 0.0475301106770871 -0.405666097005167 -0.759324137369788 -1.13080444335935 -1.55342203776041 -1.57771402994791
-9999 -9999 -9999 -9999 -9999 -9999 -9999 -9999 -9999 -9999 -9999 -9999 -9999 -9999 9.31756998697921 -9999 -9999 -9999 6.66217447916671 5.40130004882815 4.92360839843752 4.61677449544271 4.36782226562502 4.22634277343752 4.20444132486983 4.20691324869796 4.29351196289065 4.07887166341146 3.87847290039065 3.61423136393233 3.25666707356771 2.97708536783858 2.69233601888021 2.32779337565108 2.09982706705733 1.87139282226565 1.54288126627608 1.04524129231771 0.675063069661462 0.303969319661462 -0.0307271321614166 -0.0971435546874773 -0.127884928385413 -0.0814880371093523 -0.214097086588538 -0.487117513020792 -0.860286458333292 -1.63084513346354 -2.03556925455729
-9999 -9999 -9999 -9999 -9999 -9999 -9999 -9999 -9999 -9999 -9999 -9999 8.84858601888021 7.96281331380209 7.4659362792969 7.10453694661459 6.55892333984377 6.10902303059896 5.65341593424483 5.03129475911459 4.79295247395834 4.63913370768233 4.51313680013021 4.47783813476565 4.46228434244796 4.44009806315108 4.31922810872396 3.98029988606771 3.71191813151046 3.42753499348959 3.05617675781252 2.70391235351565 2.32020467122396 1.67100423177084 1.33574829101565 1.0417419433594 0.695682779947958 0.307397460937523 0.0160563151042084 -0.276892089843727 -0.538234456380167 -0.566687011718727 -0.553188069661417 -0.428656005859352 -0.387060546874977 -0.441066487630167 -0.541866048177042 -0.872473144531227 -1.14477132161454
-9999 -9999 -9999 -9999 -9999 -9999 -9999 -9999 -9999 -9999 -9999 -9999 -9999 -9999 8.11719156901046 7.67971191406252 6.74331054687502 6.21803181966146 5.73311767578127 5.19549967447921 5.03192545572921 4.92010904947921 4.8188415527344 4.71770629882815 4.63116861979171 4.53178304036459 4.28992106119796 3.87298990885421 3.54791666666671 3.21212158203127 2.84167887369796 2.53426513671877 2.20874430338546 1.64620361328127 1.29975789388021 0.987552897135458 0.602553304036462 0.208449300130212 -0.238439941406227 -0.749609374999977 -1.43259277343748 -1.70781046549479 -1.91259358723954 -2.02385050455729 -2.33629964192704 -2.4906066894531 -2.60710245768229 -2.63845418294267 -2.58918863932291
-9999 -9999 -9999 -9999 -9999 -9999 -9999 -9999 -9999 -9999 -9999 -9999 -9999 -9999 -9999 -9999 -9999 6.75211995442709 6.11829020182296 5.50586344401046 5.37104695638021 5.27194620768233 5.17203165690108 4.95645548502608 4.77547607421877 4.5820251464844 4.23997395833334 3.75973917643233 3.38196207682296 2.9859558105469 2.61984659830733 2.39008992513021 2.16376139322921 1.73018798828127 1.35097656250002 0.992761230468773 0.517510986328148 0.0726359049479584 -0.586492919921852 -1.38278808593748 -2.61570841471354 -3.20328369140623 -3.6774963378906 -4.06020711263017 -4.81199747721354 -5.11732584635416 -5.2946838378906 -5.02927246093748 -4.59550577799479
-9999 -9999 -9999 -9999 -9999 -9999 -9999 -9999 -9999 -9999 -9999 -9999 -9999 -9999 -9999 -9999 -9999 8.33331705729171 7.30657348632815 5.85788370768233 5.46136881510421 5.24158121744796 5.11753743489584 4.75912882486983 4.5113464355469 4.27632039388021 4.0626159667969 3.76243489583334 3.47775675455733 3.09601236979171 2.72641398111983 2.58413085937502 2.39715983072921 0.602685546875023 -0.992091878255167 -2.40978597005204 -4.11843465169267 -5.04044189453123 -5.56427612304685 -6.03718668619791 -7.12653198242185 -7.40192260742185 -7.34004313151041 -6.40468953450517 -5.67877807617185 -5.18218587239579 -4.69616292317704 -3.87735595703123 -3.27851969401041
-9999 -9999 -9999 -9999 -9999 -9999 -9999 -9999 -9999 -9999 -9999 -9999 -9999 -9999 -9999 -9999 -9999 -9999 -9999 6.35641886393233 5.76901652018233 5.33775227864584 4.90373128255209 4.21510213216146 3.82425333658858 3.47457275390627 3.19549967447921 2.98636271158858 2.90447387695315 2.96046346028646 2.90907185872396 2.57638956705733 2.04494628906252 -0.802577718098917 -2.84833374023435 -4.1151184082031 -4.50433959960935 -3.45238850911454 -2.71098429361979 -2.01214192708329 -3.14568684895829 -3.52196858723954 -3.57772420247392 -2.85017496744791 -1.50113525390623 -0.555832926432288 0.382389322916708 0.221551513671898 -0.150213623046852
-9999 -9999 -9999 -9999 -9999 -9999 -9999 -9999 -9999 -9999 -9999 -9999 -9999 -9999 -9999 -9999 -9999 -9999 -9999 6.71765543619796 6.01515096028646 5.47358601888021 4.89347737630209 4.00845743815108 3.46904907226565 2.96259969075521 2.39678344726565 2.13210449218752 2.17859293619796 2.66444295247396 2.87717081705733 2.37800496419271 1.54980875651046 -2.18576660156248 -3.89206542968748 -4.53614908854166 -3.51339314778642 -1.04217122395829 0.324060058593773 1.47454223632815 0.284773763020837 -0.0362202962239166 -0.0911417643229129 0.500624593098962 2.02966715494796 3.22351481119796 4.47787882486983 3.72231445312502 2.58845418294271
-9999 -9999 -9999 -9999 -9999 -9999 -9999 -9999 -9999 -9999 -9999 -9999 -9999 -9999 -9999 -9999 -9999 -9999 -9999 -9999 6.24223225911459 5.74331054687502 5.27820231119796 4.37810668945315 3.61805623372396 2.80757039388021 1.40243937174483 0.771895345052087 0.853794352213583 1.93154296875002 2.41131998697921 1.72388102213546 0.569960530598962 -4.09664510091142 -3.77324015299479 -2.61248372395829 0.586623128255212 3.97525431315108 4.96824544270834 5.34471028645834 4.05202636718752 4.11540120442709 4.29394938151046 4.83506673177084 5.74946492513021 -9999 -9999 -9999 5.69355672200521
-9999 -9999 -9999 -9999 -9999 -9999 -9999 -9999 -9999 -9999 -9999 -9999 -9999 -9999 -9999 -9999 -9999 -9999 -9999 7.3159118652344 6.29045003255209 5.71008707682296 5.36101684570315 4.64396565755209 3.90068969726565 3.06544392903646 1.43990478515627 1.15494181315108 1.45659790039065 2.67531738281252 2.93229573567709 2.02384847005209 0.655308024088583 -3.84643147786454 -3.08499755859373 -1.82332967122392 0.902744547526083 3.31326700846358 3.74856974283858 3.64738362630209 2.88313191731771 3.33479207356771 3.8464294433594 4.71779785156252 5.74308675130209 6.96577351888021 -9999 -9999 -9999
-9999 -9999 -9999 -9999 -9999 -9999 -9999 -9999 -9999 -9999 -9999 -9999 -9999 -9999 -9999 -9999 -9999 -9999 9.21530558268233 7.31553548177084 6.42026163736983 5.9921813964844 5.87362060546877 5.24859008789065 4.56589152018233 3.81379597981771 2.55039876302084 2.55806884765627 3.01841634114584 4.28080647786459 4.43405558268233 3.55927937825521 2.30556640625002 -1.10439656575517 -0.772273763020792 0.125980631510458 2.45164388020834 5.24066569010421 -9999 -9999 5.04720458984377 4.66916300455733 4.41818644205733 4.38430175781252 4.96028035481771 5.96477661132815 -9999 -9999 -9999
-9999 -9999 -9999 -9999 -9999 11.9798828125 -9999 -9999 -9999 -9999 -9999 -9999 -9999 -9999 -9999 -9999 -9999 -9999 9.06256510416671 7.15898030598959 6.53342081705733 6.33870849609377 6.50313720703127 5.96334228515627 5.37683512369796 4.76756184895834 4.11263427734377 4.45525512695315 5.08066202799483 6.34711100260421 6.42047526041671 5.66029256184896 4.63343709309896 2.70314941406252 2.33977661132815 2.71380004882815 -9999 -9999 -9999 -9999 -9999 -9999 5.40042521158858 4.00080769856771 3.90677286783858 4.57266642252608 5.64884847005209 8.75506998697921 -9999
-9999 -9999 -9999 9.63975423177084 8.18396402994796 6.66174723307296 5.77585245768233 5.22129720052084 4.71620076497396 4.27662556966146 4.22646484375002 4.26946411132815 4.67682291666671 5.28866984049483 5.68001708984377 6.02818196614584 5.99366658528646 5.63623453776046 5.18386230468752 4.2120300292969 3.67010904947921 3.53225097656252 3.74769490559896 3.90246988932296 4.33561604817709 4.95100301106771 7.01039021809896 9.29630940755209 -9999 -9999 -9999 -9999 9.7851501464844 9.62870686848959 -9999 -9999 -9999 -9999 -9999 -9999 -9999 -9999 9.27374674479171 6.22603759765627 4.88825887044271 4.47007649739584 4.34967447916671 6.90367024739584 8.77148844401046
-9999 -9999 -9999 9.17374064127608 7.40651855468752 5.51377766927084 4.57107950846358 4.07940063476565 3.71738077799483 3.6182800292969 3.70027058919271 3.8063903808594 4.01499837239584 4.12479044596358 4.31296183268233 4.61696777343752 4.98622029622396 4.89292805989584 4.65732218424483 3.69182739257815 2.72671915690108 2.05681762695315 1.43530680338546 1.30266723632815 2.09936930338546 3.24981079101565 6.61280721028646 -9999 -9999 -9999 -9999 -9999 -9999 -9999 -9999 -9999 -9999 -9999 -9999 -9999 -9999 -9999 -9999 9.3571716308594 6.7697692871094 5.44299723307296 4.40208333333334 5.00990193684896 6.61752726236983
-9999 -9999 -9999 -9999 6.9605651855469 4.88129069010421 4.08570760091146 3.73896687825521 3.55499674479171 3.6838317871094 3.78851725260421 3.85262451171877 3.74649454752608 3.36711018880209 3.32477213541671 3.51906738281252 4.28976847330733 4.57088623046877 4.70449218750002 4.14160563151046 3.13257242838546 2.26736857096358 1.22723795572921 0.855116780598962 1.74213053385421 3.05864868164065 6.87742513020834 -9999 -9999 -9999 -9999 -9999 -9999 -9999 -9999 -9999 -9999 -9999 9.70001627604171 8.51834513346358 -9999 -9999 -9999 -9999 8.86355997721358 7.0058532714844 5.20609944661459 4.10307210286459 5.14396565755209
-9999 -9999 -9999 9.04726562500002 7.11444498697921 5.2058044433594 5.09355061848959 5.14146321614584 5.28814086914065 5.47159220377608 5.3514343261719 5.11063028971358 4.29305419921877 3.26084798177084 2.83252360026046 2.7199645996094 4.04588216145834 5.1082702636719 6.11467895507815 7.04256591796877 6.86084391276046 6.5119567871094 5.86735432942709 5.2731872558594 5.64606119791671 6.32985839843752 8.79854736328127 -9999 -9999 -9999 -9999 -9999 -9999 -9999 -9999 -9999 -9999 -9999 10.4543701171875 9.31999104817709 -9999 -9999 -9999 -9999 -9999 -9999 8.09004109700521 5.14920450846358 4.68044433593752
-9999 -9999 -9999 -9999 7.47859090169271 5.71208089192709 5.71280314127608 5.61383463541671 5.43701578776046 4.92421875000002 4.5621276855469 4.21233520507815 3.78045043945315 3.36420084635421 3.08738606770834 2.82884114583334 3.1581970214844 3.6589294433594 4.23539632161459 5.31264648437502 6.29476318359377 7.15492146809896 8.21003621419271 9.89261271158858 10.6617065429688 -9999 -9999 -9999 -9999 -9999 -9999 -9999 -9999 -9999 -9999 -9999 -9999 -9999 -9999 9.78053181966146 -9999 -9999 -9999 -9999 -9999 -9999 -9999 9.4255310058594 8.0301452636719
-9999 -9999 -9999 -9999 7.99317830403646 6.16739298502608 6.09541219075521 5.87680460611983 5.52638142903646 4.7496276855469 4.39288736979171 4.14279581705733 4.2272888183594 4.20070800781252 3.99659627278646 3.59837239583334 3.09344889322921 3.11578776041671 3.31235148111983 4.41484985351565 6.1092468261719 7.67897949218752 9.70235595703127 -9999 -9999 -9999 -9999 -9999 -9999 -9999 -9999 -9999 -9999 -9999 -9999 -9999 -9999 10.8616475423177 9.87060953776046 9.16948852539065 -9999 -9999 -9999 -9999 -9999 -9999 -9999 -9999 -9999
-9999 -9999 -9999 10.3878926595052 8.62360026041671 6.66047566731771 6.44161376953127 6.09831136067709 5.60577799479171 4.68472696940108 4.42094319661459 4.35608317057296 5.06608479817709 5.39727172851565 5.24708455403646 4.69424845377608 3.31007283528646 2.82475179036459 2.61255289713546 3.69973144531252 6.03481445312502 8.22534586588546 -9999 -9999 -9999 -9999 -9999 -9999 -9999 -9999 -9999 -9999 -9999 -9999 -9999 -9999 -9999 -9999 8.38117879231771 8.10699869791671 -9999 -9999 -9999 -9999 -9999 -9999 -9999 -9999 -9999
-9999 -9999 -9999 11.4202514648438 9.8515563964844 8.25118408203127 7.83133341471358 7.65249023437502 7.56278889973959 7.00404256184896 6.54093831380209 6.15850219726565 6.02712402343752 6.0216003417969 5.89926554361983 5.65289713541671 5.18998616536459 5.33150634765627 5.77204793294271 7.9768005371094 11.5879455566406 -9999 -9999 -9999 -9999 -9999 -9999 -9999 -9999 -9999 -9999 -9999 -9999 -9999 -9999 -9999 -9999 -9999 10.8338968912761 9.93835856119796 -9999 -9999 -9999 -9999 -9999 -9999 -9999 -9999 -9999
-9999 -9999 12.5606628417969 11.2567993164063 10.0517517089844 8.74426676432296 8.27595418294271 8.06306355794271 7.93911132812502 7.3621765136719 6.82924804687502 6.37250162760421 6.13612263997396 6.06488444010421 5.90893961588546 5.64236857096358 5.47184651692709 5.88694661458334 6.56130371093752 8.76662597656252 11.8787170410156 -9999 -9999 -9999 -9999 -9999 -9999 -9999 -9999 -9999 -9999 -9999 -9999 -9999 -9999 -9999 -9999 -9999 12.441044108073 12.0100443522136 -9999 -9999 -9999 -9999 -9999 -9999 -9999 -9999 -9999
-9999 -9999 12.5136657714844 11.3942403157552 10.3437438964844 9.12064005533858 8.54150797526046 8.25620930989584 8.06368408203127 7.5655456542969 7.09639892578127 6.68708699544271 6.43722941080733 6.19926350911459 5.93378092447921 5.5664001464844 5.66122843424483 6.36971435546877 7.30670572916671 9.57851562500002 12.224735514323 -9999 -9999 -9999 -9999 -9999 -9999 -9999 -9999 -9999 -9999 -9999 -9999 -9999 -9999 -9999 -9999 -9999 -9999 -9999 -9999 -9999 -9999 -9999 -9999 -9999 -9999 -9999 -9999
