Raster_environnement/Raster_temperature_summer.asc
NCOLS 79 
NROWS 71 
XLLCORNER -10.5 
YLLCORNER 36 
CELLSIZE 0.5 
NODATA_value -9999 
[rows 44 to 65 of 71, columns 0 to 49 of 79]
-9999 -9999 -9999 -9999 -9999 -9999 -9999 -9999 -9999 -9999 -9999 -9999 -9999 -9999 -9999 -9999 -9999 -9999 16.3564086914063 16.4213399251302 16.5523518880208 16.6167134602865 16.638075764974 16.6758463541667 16.74013671875 16.8247009277344 17.0730529785156 17.1594889322917 17.1747273763021 17.1002034505208 16.8408243815105 16.5832865397136 16.3238972981771 16.3279663085938 16.6313110351563 16.9374430338542 17.3815348307292 17.6508117675781 17.5344685872396 17.2933186848958 16.970839436849 16.8851257324219 16.8609049479167 16.9814188639323 16.7652933756511 16.5692687988281 16.3494099934896 16.1329081217448 16.217411295573 16.3224629720052
-9999 -9999 -9999 -9999 -9999 -9999 -9999 -9999 -9999 -9999 -9999 -9999 -9999 -9999 16.2692403157552 -9999 -9999 -9999 16.3934672037761 16.2117858886719 16.1608418782552 16.2403401692708 16.4795878092448 16.8246805826823 17.0747416178386 17.331923421224 17.7579895019531 17.7857401529948 17.793094889323 17.7759745279948 17.5988505045573 17.3388712565105 17.0549967447917 16.9512776692708 16.952762858073 16.9544921875 16.9574727376302 16.8714945475261 16.6447285970052 16.3565612792969 16.2373189290365 16.3606608072917 16.5360046386719 16.9137512207031 17.0750671386719 16.9930155436198 16.8008260091146 16.2652018229167 15.9756612141927 15.8645161946615
-9999 -9999 -9999 -9999 -9999 -9999 -9999 -9999 -9999 -9999 -9999 -9999 16.3664489746094 16.5244486490886 16.6679219563802 16.8446695963542 17.057997639974 17.066776529948 17.0510294596355 16.9937377929688 17.0585266113281 17.1612487792969 17.3396748860677 17.6436401367188 17.8324422200521 18.0067077636719 18.1600992838542 17.9359375 17.7938069661458 17.7034851074219 17.4990478515625 17.1588684082031 16.7699422200521 16.3884928385417 16.3471516927083 16.348758951823 16.4297831217448 16.5212341308594 16.3730000813802 16.1406697591146 15.9420715332031 15.9618774414063 16.0361877441406 16.2779378255208 16.3286071777344 16.331913248698 16.3168986002605 16.2639811197917 16.2484781901042 16.290897623698
-9999 -9999 -9999 -9999 -9999 -9999 -9999 -9999 -9999 -9999 -9999 -9999 -9999 -9999 17.1989990234375 17.3336934407552 17.6515950520833 17.6874532063802 17.689111328125 17.634413655599 17.7111958821615 17.8100728352865 17.9675130208333 18.2023763020833 18.3099609375 18.3874043782552 18.3120971679688 17.9341471354167 17.6837504069011 17.5017537434896 17.3330118815105 17.1206400553386 16.8806396484375 16.5346110026042 16.4286946614583 16.358778889974 16.3244160970052 16.3212219238281 15.9985087076823 15.5477945963542 14.9572184244792 14.7492513020833 14.6180765787761 14.6264485677083 14.3807312011719 14.2988423665365 14.2687723795573 14.4657531738281 14.7226704915365 15.0296061197917
-9999 -9999 -9999 -9999 -9999 -9999 -9999 -9999 -9999 -9999 -9999 -9999 -9999 -9999 -9999 -9999 -9999 18.3521057128906 18.358768717448 18.2835021972656 18.3436625162761 18.4282674153646 18.568505859375 18.7148986816406 18.7302795410156 18.7031392415365 18.4152872721355 17.9116963704427 17.5644165039063 17.2842142740886 17.16787109375 17.1430196126302 17.1213419596355 16.8230122884115 16.6015258789063 16.4049825032552 16.168837483724 15.9988342285156 15.4380635579427 14.7010437011719 13.6345865885417 13.1711364746094 12.8176310221355 12.5962972005208 12.0550984700521 11.874159749349 11.8070922851563 12.2261393229167 12.769189453125 13.3790934244792
-9999 -9999 -9999 -9999 -9999 -9999 -9999 -9999 -9999 -9999 -9999 -9999 -9999 -9999 -9999 -9999 -9999 18.6247497558594 18.7107788085938 18.7942240397136 18.7360168457031 18.7136169433594 18.7187744140625 18.5844462076823 18.5110107421875 18.45888671875 18.558974202474 18.3423502604167 18.1476379394531 17.9017985026042 17.7956075032552 17.9211568196615 17.9926188151042 15.9384602864583 14.5200236002605 13.3478129069011 12.1178731282552 11.8415771484375 11.3672932942708 10.7811930338542 9.85336710611983 9.67270304361983 9.74951578776046 10.5052124023438 11.5097391764323 12.1540059407552 12.7596272786458 13.6877583821615 14.3434692382813 15.0156392415365
-9999 -9999 -9999 -9999 -9999 -9999 -9999 -9999 -9999 -9999 -9999 -9999 -9999 -9999 -9999 -9999 -9999 -9999 -9999 19.605615234375 19.3650756835938 19.0800415039063 18.6455220540365 18.1394490559896 17.9014526367188 17.7081644694011 17.6361328125 17.4309631347656 17.4610534667969 17.8213033040365 18.1512186686198 18.0472859700521 17.7113688151042 14.7563720703125 13.2669921875 12.3952067057292 12.2766967773438 13.3946472167969 14.0499104817708 14.6094706217448 13.3223409016927 13.0415079752605 13.0468485514323 13.7740824381511 15.2631062825521 16.4208719889323 17.634912109375 17.9648274739583 17.7740214029948 17.5973449707031
-9999 -9999 -9999 -9999 -9999 -9999 -9999 -9999 -9999 -9999 -9999 -9999 -9999 -9999 -9999 -9999 -9999 -9999 -9999 20.2278483072917 19.9053588867188 19.5034627278646 18.8741088867188 18.1470581054688 17.7210225423177 17.3196960449219 16.8138773600261 16.5413452148438 16.7303914388021 17.6210774739583 18.2716613769531 17.9806355794271 17.3209777832031 13.6623067220052 12.6632629394531 12.4821512858073 13.7212565104167 16.0943949381511 17.4221028645833 18.5419860839844 16.9912048339844 16.7259867350261 16.7195068359375 17.3610982259115 18.8417399088542 20.0782307942708 21.4183797200521 21.1771077473958 20.3477010091146 19.5248250325521
-9999 -9999 -9999 -9999 -9999 -9999 -9999 -9999 -9999 -9999 -9999 -9999 -9999 -9999 -9999 -9999 -9999 -9999 -9999 -9999 20.4945515950521 20.2133829752605 19.7889750162761 19.0454040527344 18.3076721191406 17.4812561035156 15.84951171875 15.3272033691406 15.611698404948 17.103407796224 17.9806559244792 17.5084065755208 16.5554138183594 12.2892903645833 13.0836527506511 14.6435282389323 18.2834208170573 22.1572102864583 23.5385579427083 24.3021891276042 22.5665018717448 22.5503885904948 22.644179280599 23.0526570638021 23.5549763997396 -9999 -9999 -9999 22.3034098307292 -9999
-9999 -9999 -9999 -9999 -9999 -9999 -9999 -9999 -9999 -9999 -9999 -9999 -9999 -9999 -9999 -9999 -9999 -9999 -9999 21.3451578776042 20.823378499349 20.5269205729167 20.346561686198 19.7888224283855 19.030643717448 18.1334065755208 16.2095581054688 16.0144083658855 16.6344441731771 18.6121358235677 19.300185139974 18.4333536783855 17.0354044596355 12.6449930826823 13.4042297363281 14.8066345214844 17.996464029948 20.8988993326823 21.4270670572917 21.3065022786458 20.1210774739583 20.8845153808594 21.6619608561198 22.7920267740886 23.4624369303386 23.9523050944011 -9999 -9999 -9999 -9999
-9999 -9999 -9999 -9999 -9999 -9999 -9999 -9999 -9999 -9999 -9999 -9999 -9999 -9999 -9999 -9999 -9999 -9999 20.7699625651042 21.1914713541667 20.8377115885417 20.7883951822917 21.0253845214844 20.7270345052083 20.0633483886719 19.2621297200521 17.6842895507813 17.7209513346355 18.4679300944011 20.4835550944011 21.0885559082031 20.2160481770833 18.8699890136719 15.3412719726563 15.5558410644531 16.4469950358073 18.9648783365886 21.1381266276042 -9999 -9999 20.9064168294271 21.2406962076823 21.5598795572917 21.9713684082031 22.3108764648438 22.8530619303386 -9999 -9999 -9999 -9999
-9999 -9999 -9999 -9999 -9999 18.1997721354167 -9999 -9999 -9999 -9999 -9999 -9999 -9999 -9999 -9999 -9999 -9999 -9999 20.3803649902344 20.7514689127605 20.6991414388021 20.9883666992188 21.7257425944011 21.7456502278646 21.2400553385417 20.6160522460938 19.6343729654948 19.8952677408855 20.7082967122396 22.6038248697917 23.1431213378906 22.3993570963542 21.2837259928386 19.0169006347656 18.4957722981771 18.7231486002605 -9999 -9999 -9999 -9999 -9999 -9999 21.742567952474 20.9579203287761 20.778446451823 21.3750040690105 22.3769877115886 23.9789876302083 -9999 -9999
-9999 -9999 -9999 18.017215983073 17.8874755859375 17.1059916178386 16.4770039876302 16.1074869791667 15.7919759114583 15.3955525716146 15.3008158365886 15.3205810546875 15.8223103841146 16.646854654948 17.1710550944011 17.6337117513021 18.0241638183594 18.1049133300781 18.1114949544271 17.8004496256511 17.1657653808594 17.1957336425781 17.9013814290365 18.8701924641927 19.6438842773438 20.4350118001302 21.5464111328125 21.8998962402344 -9999 -9999 -9999 -9999 23.498905436198 23.7666259765625 -9999 -9999 -9999 -9999 -9999 -9999 -9999 -9999 23.8310994466146 22.9544006347656 21.834354654948 21.3670084635417 21.0833272298177 22.2642557779948 23.2074625651042 -9999
-9999 -9999 -9999 18.4240661621094 18.3128601074219 17.3993570963542 16.9036499023438 16.774296061198 16.8142028808594 17.1099182128906 17.2708475748698 17.4081258138021 17.5058430989583 17.4306070963542 17.5383036295573 17.8145182291667 18.7653340657552 19.1839538574219 19.4447977701823 18.9831380208333 17.805057779948 17.0548848470052 16.4562520345052 16.6028076171875 17.4953450520833 18.6150044759115 20.8417399088542 -9999 -9999 -9999 -9999 -9999 -9999 -9999 -9999 -9999 -9999 -9999 -9999 -9999 -9999 -9999 -9999 23.9760681152344 23.1252787272136 22.0899495442708 20.8131449381511 20.7241556803386 21.6601806640625 -9999
-9999 -9999 -9999 -9999 18.850244140625 17.9411865234375 17.6906880696615 17.8133890787761 18.16884765625 18.9420817057292 19.2243896484375 19.3741800944011 19.0526062011719 18.26162109375 18.0032491048177 18.0600423177083 19.4865051269531 20.3321370442708 21.001590983073 20.90908203125 19.6922037760417 18.5868977864583 17.1859578450521 16.584120686849 17.3007751464844 18.3528889973958 20.8373758951823 -9999 -9999 -9999 -9999 -9999 -9999 -9999 -9999 -9999 -9999 -9999 22.2418660481771 22.2404012044271 -9999 -9999 -9999 -9999 24.0613952636719 22.9007507324219 21.2869506835938 20.0993896484375 20.7582539876302 21.6857747395833
-9999 -9999 -9999 19.6529276529948 19.8630920410156 19.2800435384115 19.6342305501302 20.1368347167969 20.839491780599 21.7766764322917 21.9138326009115 21.8350158691406 20.8921956380208 19.5328104654948 18.881473795573 18.55458984375 20.4467102050781 22.0975891113281 23.6992838541667 25.3401529947917 25.2515197753906 24.646142578125 23.3010091145833 21.8270812988281 21.6074869791667 21.6372111002605 22.4721923828125 -9999 -9999 -9999 -9999 -9999 -9999 -9999 -9999 -9999 -9999 -9999 23.1193074544271 23.4051249186198 -9999 -9999 -9999 -9999 -9999 -9999 23.6918477376302 21.3716878255208 21.0108581542969 21.1557047526042
-9999 -9999 -9999 -9999 20.5938049316406 20.3323201497396 20.936903889974 21.2330769856771 21.4311055501302 21.4584594726563 21.384657796224 21.2773274739583 21.0018656412761 20.5418029785156 20.243290201823 19.972782389323 20.4761494954427 21.1616048177083 21.9297322591146 23.2674499511719 24.2436564127605 24.7858520507813 25.0938049316406 24.3175699869792 23.9261922200521 -9999 -9999 -9999 -9999 -9999 -9999 -9999 -9999 -9999 -9999 -9999 -9999 -9999 -9999 24.3440185546875 -9999 -9999 -9999 -9999 -9999 -9999 -9999 24.7552836100261 24.3240193684896 23.9263041178386
-9999 -9999 -9999 -9999 21.18935546875 20.9217468261719 21.497694905599 21.6606791178386 21.6369059244792 21.4376566569011 21.4713480631511 21.577294921875 22.0043986002605 22.2019388834636 22.0859517415365 21.7022033691406 20.9739115397136 20.7947021484375 20.7803487141927 21.5620971679688 22.9733622233073 23.8885945638021 24.6449930826823 -9999 -9999 -9999 -9999 -9999 -9999 -9999 -9999 -9999 -9999 -9999 -9999 -9999 -9999 23.570194498698 23.8885233561198 24.3759501139323 -9999 -9999 -9999 -9999 -9999 -9999 -9999 -9999 -9999 -9999
-9999 -9999 -9999 21.2335042317708 21.8102254231771 21.4205871582031 21.8663065592448 21.9055318196615 21.7322428385417 21.5188435872396 21.7851603190105 22.215468343099 23.4434448242188 24.2940511067708 24.3231038411458 23.7525980631511 21.6971781412761 20.5829711914063 19.708378092448 19.7772664388021 21.4554178873698 22.5170430501302 -9999 -9999 -9999 -9999 -9999 -9999 -9999 -9999 -9999 -9999 -9999 -9999 -9999 -9999 -9999 -9999 23.878798421224 24.0929809570313 -9999 -9999 -9999 -9999 -9999 -9999 -9999 -9999 -9999 -9999
-9999 -9999 -9999 20.6786539713542 21.7346638997396 23.2846008300781 24.5387512207031 25.2819966634115 25.9225199381511 25.7662292480469 25.481093343099 25.28310546875 25.4781229654948 25.5824422200521 25.4556620279948 25.1188293457031 24.0607543945313 23.4332824707031 22.935205078125 22.9931681315105 23.8208964029948 -9999 -9999 -9999 -9999 -9999 -9999 -9999 -9999 -9999 -9999 -9999 -9999 -9999 -9999 -9999 -9999 -9999 24.4567606608073 24.8573954264323 -9999 -9999 -9999 -9999 -9999 -9999 -9999 -9999 -9999 -9999
-9999 -9999 20.8626444498698 21.8290445963542 22.7929829915365 24.1277404785156 25.1504862467448 25.745263671875 26.2474100748698 26.3484232584636 26.0047139485677 25.7168111165365 25.722792561849 25.6872599283855 25.502099609375 25.1492655436198 24.4094380696615 24.0379984537761 23.7449178059896 23.7201477050781 24.0053548177083 -9999 -9999 -9999 -9999 -9999 -9999 -9999 -9999 -9999 -9999 -9999 -9999 -9999 -9999 -9999 -9999 -9999 24.3029317220052 24.5312235514323 -9999 -9999 -9999 -9999 -9999 -9999 -9999 -9999 -9999 -9999
-9999 -9999 21.3450866699219 22.4297424316406 23.4675638834636 24.7624755859375 25.5475402832031 25.9743591308594 26.3067972819011 26.6020446777344 26.3664286295573 26.1533955891927 26.1181681315105 25.8937520345052 25.5696655273438 25.0722493489583 24.5439188639323 24.4423563639323 24.3898864746094 24.3971293131511 24.2182861328125 -9999 -9999 -9999 -9999 -9999 -9999 -9999 -9999 -9999 -9999 -9999 -9999 -9999 -9999 -9999 -9999 -9999 -9999 -9999 -9999 -9999 -9999 -9999 -9999 -9999 -9999 -9999 -9999 -9999
