Raster_environnement/Raster_precipitation_summer.asc
NCOLS 79 
NROWS 71 
XLLCORNER -10.5 
YLLCORNER 36 
CELLSIZE 0.5 
NODATA_value -9999 
[rows 44 to 65 of 71, columns 0 to 49 of 79]
-9999 -9999 -9999 -9999 -9999 -9999 -9999 -9999 -9999 -9999 -9999 -9999 -9999 -9999 -9999 -9999 -9999 -9999 2.00271148933098 2.12706985766999 2.26874460931867 2.27045567007735 2.1328336733859 2.23617913434282 2.34158952953294 2.44277759338729 2.47212735121138 2.43615646613762 2.3969040135853 2.33695035567507 2.30282553238794 2.32941099093296 2.37226226599887 2.45412606163882 2.36609046114609 2.27670128806494 2.1460238029249 2.13429715367965 2.35733221052215 2.67249046009965 3.06198382750154 3.1671327073127 3.2073607086204 3.10075023444369 3.45130688510835 3.82419051602483 4.26649107830599 4.75045001367107 4.60466619115323 4.39263075822964
-9999 -9999 -9999 -9999 -9999 -9999 -9999 -9999 -9999 -9999 -9999 -9999 -9999 -9999 1.67340338230133 -9999 -9999 -9999 2.14306520065293 2.22766673541628 2.41420352831483 2.49420832260512 2.4971567618195 2.42904583574273 2.35091046779417 2.26111398660578 2.07792969304137 2.12582954554819 2.14495463878848 2.13315511937253 2.11489922949113 2.13683026959188 2.18194099143147 2.48769044992514 2.68860273063183 2.90152727393433 3.22890544775873 3.77668880391866 4.32558580068871 4.92460563546047 5.09006031788886 4.80782026425004 4.45176487555727 3.76470771152526 3.4713895060122 3.44391739927232 3.5176980542019 3.93516240874305 4.25407779403031 4.45268898038194
-9999 -9999 -9999 -9999 -9999 -9999 -9999 -9999 -9999 -9999 -9999 -9999 1.75601777737029 1.78586641559377 1.7921146529261 1.78280183463357 1.76833891309798 1.82860060594976 1.90241939853877 2.03317661653273 2.08193812868558 2.10310452966951 2.10447397548705 2.05096228164621 2.00372260878794 1.95502548012882 1.891243387945 2.12101906654425 2.28184892912395 2.41625217022374 2.58042552159168 2.77337729930878 2.99905417487025 3.51200097939 3.49230455467477 3.40446744812652 3.15362747060135 2.86233443766832 2.90057126549073 3.04027427919209 3.32099699880928 3.53133918251842 3.75019727507606 4.07982703763992 4.3453746358864 4.35543428175151 4.26553323632106 3.85373211465776 3.57071411563084 3.38405384682119
-9999 -9999 -9999 -9999 -9999 -9999 -9999 -9999 -9999 -9999 -9999 -9999 -9999 -9999 1.61942465929314 1.611220871564 1.51765557238832 1.57224072609097 1.64925967692398 1.79821945494041 1.82473062886856 1.83422889676876 1.83021370321512 1.79907529964112 1.78108522086404 1.76691844244488 1.77769552683458 2.14322995743714 2.4269993940834 2.71799172624014 2.88757915841416 2.89116708445363 2.866821794305 2.96476349467412 2.92717647389509 2.87842564866878 2.78805186389945 2.72676391177811 2.9739492747467 3.3435545861721 4.19018149841577 4.71409602323547 5.17500985879451 5.66567410714924 6.54543279670179 6.86129601672292 7.00420893263072 6.32373900152743 5.34646284068003 4.57291931379586
-9999 -9999 -9999 -9999 -9999 -9999 -9999 -9999 -9999 -9999 -9999 -9999 -9999 -9999 -9999 -9999 -9999 1.31224477663636 1.38818199047819 1.54436000157148 1.57952931476757 1.59021157887764 1.58034228079487 1.5750049991766 1.58533878566232 1.60264961596113 1.66887890954968 2.15699220425449 2.55929621052928 3.01249518524855 3.14170232741162 2.85647815908305 2.46502112131566 2.02371522900648 2.07367488183081 2.19607565668412 2.50436635105871 2.92886731331237 3.53953982703388 4.2801657342352 5.82451976370066 6.63360140752047 7.25723973009735 7.66914803534746 9.10883881151676 9.7558620152995 10.1927299518138 9.35432212427258 7.66603897791356 6.26184493303299
-9999 -9999 -9999 -9999 -9999 -9999 -9999 -9999 -9999 -9999 -9999 -9999 -9999 -9999 -9999 -9999 -9999 1.50467975763604 1.50861511356197 1.52724821527954 1.67791525600478 1.74475883832201 1.75240549142472 1.76780734327622 1.73381257045548 1.67516001965851 1.43383672402706 1.72412798856385 2.00376388966106 2.38492203061469 2.40936172194779 1.94253413937986 1.40588192443829 2.04815135803074 3.69048134889454 5.18060121685266 7.03872246667743 7.25681770127267 7.1877677924931 7.05720812547952 8.70113004930317 9.58564379252493 9.96424534823745 9.22516160644591 8.18306724540889 7.45682311244309 6.7382681183517 5.54117371793836 4.70107620349154 4.00957945967093
-9999 -9999 -9999 -9999 -9999 -9999 -9999 -9999 -9999 -9999 -9999 -9999 -9999 -9999 -9999 -9999 -9999 -9999 -9999 1.31121644808445 1.48991621390451 1.6364275070373 1.80472815991379 2.01479583629407 2.11386385490187 2.19509853632189 2.23329738364555 2.56489233579487 2.65116197406314 2.44195129489526 1.88388061942533 1.47809731133748 1.14851747348439 2.16404589009471 3.97726848023012 5.21652395837009 5.94199182232842 5.06377152632922 4.2715537478216 3.46593047725037 5.37030537379906 6.69430943671614 7.50838334206492 7.37246135249734 5.80901397624984 4.67285664053634 3.52215146413073 2.8770424250979 2.76564399828203 2.71581091219559
-9999 -9999 -9999 -9999 -9999 -9999 -9999 -9999 -9999 -9999 -9999 -9999 -9999 -9999 -9999 -9999 -9999 -9999 -9999 1.21799758344423 1.42968833679333 1.60075402236544 1.79421892971732 2.01095608645119 2.16864608810283 2.33891737880185 2.70167263224721 3.27955707907677 3.31010974477977 2.61431643739343 1.61056074430235 1.2553591048345 1.09484995482489 2.5171366520226 4.12421508226544 4.94259676197544 4.67097396031022 3.09763787663542 2.06648918101564 1.12865508708637 2.87619805312715 4.09683412872255 4.91050245473161 5.03294026711956 3.567580122035 2.5456192495767 1.53405646851752 1.49047235317994 1.81770507479087 2.13672858662903
-9999 -9999 -9999 -9999 -9999 -9999 -9999 -9999 -9999 -9999 -9999 -9999 -9999 -9999 -9999 -9999 -9999 -9999 -9999 -9999 1.59515884006396 1.6928372962866 1.65615793084726 1.51365719502792 1.60818801086862 1.80453097564168 2.71412546862848 4.04194052098319 4.26370723871514 3.08400455396622 1.71890800120309 1.41465002379846 1.41847924387548 3.48111874773167 4.05759089626372 3.94798158667982 2.53352662548423 0.7648978556972 0.345781048235949 0.285695971251698 0.993374509562273 1.00342785590328 0.961768605338875 0.773054049932398 0.660991566837765 -9999 -9999 -9999 2.41495072259568 -9999
-9999 -9999 -9999 -9999 -9999 -9999 -9999 -9999 -9999 -9999 -9999 -9999 -9999 -9999 -9999 -9999 -9999 -9999 -9999 1.2889367993921 1.78353540832177 1.9999491807539 2.01790934661403 1.76217386615463 1.80911414790899 1.97066207765602 2.89279657881707 3.65899190073833 3.54997791582718 2.21406521159224 1.17052507703193 1.25353866023943 1.69119554338977 4.36253019142896 4.69528797548264 4.38381215790287 2.75653910357505 1.03936411323957 0.90380841284059 1.25464517623186 4.2915893252939 3.56771014630795 2.78818084043451 1.55043423583265 1.2952324206708 1.63944493979216 -9999 -9999 -9999 -9999
-9999 -9999 -9999 -9999 -9999 -9999 -9999 -9999 -9999 -9999 -9999 -9999 -9999 -9999 -9999 -9999 -9999 -9999 1.31361770618241 1.14830087986775 1.45755609555636 1.55435353517532 1.47435552498791 1.2645730690565 1.29596217011567 1.40915702213533 2.0269557251595 2.4448899901472 2.30574563029222 1.35675535420887 0.731242733309045 0.881896939245053 1.28153728146572 3.19861324969679 3.48380713840015 3.24591646785848 1.94618288660422 0.846959673799574 -9999 -9999 3.11435804469511 2.70422754110768 2.29901260463521 1.74071619403549 1.83616464491934 1.94094262551516 -9999 -9999 -9999 -9999
-9999 -9999 -9999 -9999 -9999 0.996123053482734 -9999 -9999 -9999 -9999 -9999 -9999 -9999 -9999 -9999 -9999 -9999 -9999 1.36880041100085 0.99580681999214 0.990447797812521 0.888501368172001 0.652408353926148 0.532037420634879 0.549054740258725 0.598519513732754 0.782758761488367 0.882672605803236 0.798679675790481 0.431559788557934 0.288170223939233 0.416323846002342 0.633433807524852 1.3272779295221 1.61326134111732 1.53614146693144 -9999 -9999 -9999 -9999 -9999 -9999 1.08432791603263 1.75287529709749 2.36939607420936 2.10269743110985 1.44148995168507 0.978054787265137 -9999 -9999
-9999 -9999 -9999 1.07862235454377 1.16133295814507 1.40564178291243 1.67853535967879 1.93918012082577 2.25489073782228 2.87085291347466 3.13504594378173 3.28465055208653 3.01455173757859 2.39710884634405 2.08041754667647 1.88924975227565 1.84047592920251 1.97332809912041 2.1608063892927 2.63956472044811 2.9304281284567 2.81125491019338 2.23813919001259 1.75185912230518 1.37955041136593 1.00087535683997 0.459045240859268 0.329654967208626 -9999 -9999 -9999 -9999 0.213836324110162 0.193518391097314 -9999 -9999 -9999 -9999 -9999 -9999 -9999 -9999 0.331635853217449 0.478363550064387 1.03495638468303 1.22622798371594 1.30328418163117 1.73653949168511 1.55229981173761 -9999
-9999 -9999 -9999 0.955905608134344 1.04106880899053 1.3098309194902 1.41414957179222 1.46683847706299 1.50383577856701 1.59552526019979 1.63884820067324 1.65585568465758 1.56325786665548 1.45336268178653 1.43429665477015 1.47664810647257 1.33107815345284 1.28955949621741 1.30487310234457 1.6527944302652 2.30304073775187 2.76249261223711 3.200422169175 3.63481880631298 3.13020995236002 2.39652908057906 0.747740230872296 -9999 -9999 -9999 -9999 -9999 -9999 -9999 -9999 -9999 -9999 -9999 -9999 -9999 -9999 -9999 -9999 0.353121185617056 0.582615310850088 0.963070485158823 1.46532279322855 2.29873008211143 2.13177760597318 -9999
-9999 -9999 -9999 -9999 0.910394152742811 1.16279751237016 1.10844749724492 1.01282842224464 0.872035774227697 0.666820119658951 0.59481123535079 0.549689721810864 0.587459782400401 0.820429273881018 1.0038361986517 1.20683998684399 0.966173740744125 0.782811986573506 0.652294674364384 0.836097447609063 1.52804276731331 2.19074927153997 3.06837178068236 3.94689487293363 3.48675342975184 2.71891221636906 0.793578763841651 -9999 -9999 -9999 -9999 -9999 -9999 -9999 -9999 -9999 -9999 -9999 0.724864393123426 1.00587364286184 -9999 -9999 -9999 -9999 0.288853106758324 0.700754988065455 1.33867433178239 2.53109210170805 2.47562559088692 2.19391181599349
-9999 -9999 -9999 0.677206594264135 0.703516104840674 0.837446383957285 0.584730477567064 0.421766294311965 0.26917112445517 0.182088402289082 0.1963123004316 0.229545919501106 0.338932011800352 0.664829286688473 0.908030167920515 1.16464425518643 0.795161018322688 0.489934983488638 0.217471375435707 0.0941025030442688 0.0999010700979852 0.166900917611201 0.319786206091521 0.701896668761037 0.718044955283403 0.654286607459653 0.288543624628801 -9999 -9999 -9999 -9999 -9999 -9999 -9999 -9999 -9999 -9999 -9999 0.332419528422179 0.452319254691247 -9999 -9999 -9999 -9999 -9999 -9999 0.485377245058771 2.08274593460374 2.40368816885166 2.41822396055795
-9999 -9999 -9999 -9999 0.544256631110329 0.673676280712243 0.4695606068708 0.375810624245787 0.320076259231428 0.441506494826172 0.535648750519613 0.601525905949529 0.557659281184897 0.538267414231086 0.571100442175521 0.652692146832123 0.679025519639254 0.696819396398496 0.713983058813028 0.734703621128574 0.538163851888385 0.395409550401382 0.25384700493305 0.312426692107692 0.328501067269826 -9999 -9999 -9999 -9999 -9999 -9999 -9999 -9999 -9999 -9999 -9999 -9999 -9999 -9999 0.30383904268092 -9999 -9999 -9999 -9999 -9999 -9999 -9999 0.577733205864206 0.740081293042749 0.873702568060253
-9999 -9999 -9999 -9999 0.448811166279484 0.588171838171547 0.422751829319168 0.359569861757336 0.337210287034395 0.506022095214576 0.597586791263893 0.64082887256518 0.483487158635398 0.364357202124665 0.338041169379721 0.372386931121582 0.625342193234246 0.860494640073739 1.0869876248762 1.29650240996853 0.886462679773103 0.603209398104809 0.342386056581745 -9999 -9999 -9999 -9999 -9999 -9999 -9999 -9999 -9999 -9999 -9999 -9999 -9999 -9999 0.244843010659679 0.316472505801357 0.377741834381595 -9999 -9999 -9999 -9999 -9999 -9999 -9999 -9999 -9999 -9999
-9999 -9999 -9999 0.324744340832694 0.364121978418552 0.519719997828361 0.39424765491276 0.351787988256547 0.344568880973384 0.509916170267388 0.569588228972862 0.567994082666701 0.297278471407481 0.152527468799235 0.112984269799199 0.139221530662326 0.587045343127102 1.02900371421129 1.46220708265901 1.89932705252431 1.24574545479845 0.829150552453939 -9999 -9999 -9999 -9999 -9999 -9999 -9999 -9999 -9999 -9999 -9999 -9999 -9999 -9999 -9999 -9999 0.4389091853227 0.538859667722136 -9999 -9999 -9999 -9999 -9999 -9999 -9999 -9999 -9999 -9999
-9999 -9999 -9999 0.283000252966303 0.276466222203453 0.247332100298081 0.174325820262311 0.118342582300102 0.0583856510274927 0.0564625068363966 0.0837163902360771 0.107004273013445 0.110840396700951 0.094479423478333 0.0996401334305119 0.122324689436937 0.228222953955992 0.311415238684276 0.386583818908548 0.43095242799609 0.283759384910809 -9999 -9999 -9999 -9999 -9999 -9999 -9999 -9999 -9999 -9999 -9999 -9999 -9999 -9999 -9999 -9999 -9999 0.107182576721243 0.141319440808729 -9999 -9999 -9999 -9999 -9999 -9999 -9999 -9999 -9999 -9999
-9999 -9999 0.235991937006474 0.229678422329016 0.219940468014101 0.192482667807781 0.143964421567944 0.110508264606324 0.0773452728935808 0.0870771527843317 0.120377019175066 0.148177688333817 0.15188053566817 0.12386034904921 0.130281201199978 0.164181215950521 0.271909721413977 0.326650971692288 0.366944122652058 0.346145680668997 0.250545982271433 -9999 -9999 -9999 -9999 -9999 -9999 -9999 -9999 -9999 -9999 -9999 -9999 -9999 -9999 -9999 -9999 -9999 0.0798188404587563 0.100015856332902 -9999 -9999 -9999 -9999 -9999 -9999 -9999 -9999 -9999 -9999
-9999 -9999 0.194449584523682 0.184664637527021 0.173517916118726 0.152507560960657 0.132918074268673 0.123939281365892 0.11862352503158 0.132668300921068 0.149341328142327 0.161358197510708 0.1538683727631 0.127034608522081 0.14232409048418 0.193504980052239 0.298182970436756 0.323419263440883 0.329929507279303 0.257757722647511 0.205791039479664 -9999 -9999 -9999 -9999 -9999 -9999 -9999 -9999 -9999 -9999 -9999 -9999 -9999 -9999 -9999 -9999 -9999 -9999 -9999 -9999 -9999 -9999 -9999 -9999 -9999 -9999 -9999 -9999 -9999
