Raster_environnement/Raster_precipitation_spring.asc
NCOLS 79 
NROWS 71 
XLLCORNER -10.5 
YLLCORNER 36 
CELLSIZE 0.5 
NODATA_value -9999 
[rows 44 to 65 of 71, columns 0 to 49 of 79]
-9999 -9999 -9999 -9999 -9999 -9999 -9999 -9999 -9999 -9999 -9999 -9999 -9999 -9999 -9999 -9999 -9999 -9999 2.35810203594156 2.42340785334818 2.47864401899278 2.47788556152955 2.4208530492615 2.52772063831799 2.60438199620694 2.66841701231897 2.62592128710821 2.56704224157147 2.53386195399798 2.52162720425986 2.57691324222833 2.65644403989427 2.74398034089245 2.79419092694297 2.68191973445937 2.57115618442185 2.41506775491871 2.38824110710993 2.54823697032407 2.77903560781851 3.0256898724474 3.06756837526336 3.06290918961167 2.93931477935985 3.13477960880846 3.32885388052091 3.55388398747891 3.77095170551911 3.65757441613823 3.51272255647928
-9999 -9999 -9999 -9999 -9999 -9999 -9999 -9999 -9999 -9999 -9999 -9999 -9999 -9999 2.30604418320581 -9999 -9999 -9999 2.62935561477207 2.70180648076348 2.83160129911266 2.87967041367665 2.86372352857143 2.73936049779877 2.62309579993598 2.49769781366922 2.28659025742672 2.35398662625812 2.4097663059365 2.47298178146593 2.54002301953733 2.58647311711684 2.6378205511719 2.81120739527978 2.94699909863994 3.1027989811264 3.3629042096436 3.83254287298769 4.20663182158023 4.58615014795214 4.61454981705174 4.3682400486432 4.07919608987868 3.56467264937237 3.38463534135371 3.4143504453823 3.5322975483723 3.91666166251525 4.13398796226829 4.23908131197095
-9999 -9999 -9999 -9999 -9999 -9999 -9999 -9999 -9999 -9999 -9999 -9999 2.48549166717567 2.50888760201633 2.50897639780305 2.49183053383604 2.49614082276821 2.55084211821668 2.61347782798111 2.70787592162378 2.71366566885263 2.69844921422191 2.65662026940845 2.53565987222828 2.45293326443061 2.37504814867862 2.3085594875738 2.57370480685495 2.77487655985169 2.97305717831478 3.18779451772571 3.37447217898443 3.57997789978981 4.03980072587729 4.0836859610863 4.06647697091103 3.92984063364565 3.71885587228462 3.71440005255863 3.76908128382638 3.81819902686402 3.82543355226517 3.82577542914078 3.80892298417166 3.84482519002631 3.80290310131386 3.72322818730026 3.50729674100876 3.37642610538751 3.29220327548683
-9999 -9999 -9999 -9999 -9999 -9999 -9999 -9999 -9999 -9999 -9999 -9999 -9999 -9999 2.37738476134837 2.38562521990389 2.33651465387084 2.40213725483045 2.48295158380643 2.60720538790338 2.58048571413383 2.55040322081186 2.505874884082 2.43651877390221 2.40737688727677 2.38876230432652 2.42817967082374 2.80206582974642 3.09824718860909 3.41227822937071 3.61445057205856 3.63806815585122 3.6315981647931 3.73232527635992 3.73507873155177 3.72072524623945 3.66879128850996 3.57991147320718 3.72238842537627 3.94876676145941 4.31754640303552 4.48473090073094 4.60822189925238 4.67225209577009 5.05830610636622 5.17728428822011 5.20937712863088 4.82341992901638 4.32587487157434 3.93285832833499
-9999 -9999 -9999 -9999 -9999 -9999 -9999 -9999 -9999 -9999 -9999 -9999 -9999 -9999 -9999 -9999 -9999 2.226170146605 2.32827801955864 2.48342364211567 2.45016393600963 2.41864483687095 2.37725410843268 2.37478537601419 2.40502916858532 2.44839881197549 2.57645040401258 3.03730058949441 3.41722302837297 3.84535482153296 3.99054258596152 3.76238361932337 3.43941726023331 3.05453336331993 3.06634315056726 3.12902019359171 3.3121238113381 3.52809109026566 3.93536996562034 4.44434909150004 5.21803091978654 5.52890931721777 5.73450074298307 5.759256798774 6.49535218253732 6.80977853480726 7.0075772004202 6.53392339590937 5.66240191692486 4.92965866578743
-9999 -9999 -9999 -9999 -9999 -9999 -9999 -9999 -9999 -9999 -9999 -9999 -9999 -9999 -9999 -9999 -9999 2.45721034007147 2.54812884377316 2.6496336387936 2.76400035945699 2.79958813916892 2.76950800325722 2.81932987854816 2.82348635955714 2.80436802422628 2.60341844405048 2.93863165425137 3.24272311991081 3.63084002165124 3.61729895230383 3.10158266220242 2.51787300221622 3.25053432025015 4.353699227795 5.30253391480073 6.38048815308139 6.23599692480639 6.29104255931452 6.42083056736737 7.25616391282529 7.57183078676462 7.61337946169078 6.98254129383713 6.47920821793377 6.05521090328693 5.59392428258434 4.73502521635965 4.1550665628165 3.66748685482889
-9999 -9999 -9999 -9999 -9999 -9999 -9999 -9999 -9999 -9999 -9999 -9999 -9999 -9999 -9999 -9999 -9999 -9999 -9999 2.39907435025088 2.62102159322239 2.81883602729067 3.06539662415162 3.42665738426149 3.56968544656411 3.66590791381896 3.56200364185497 3.80275715142488 3.84972273604944 3.65450223907828 3.05881421081722 2.62865179684013 2.29178221779875 3.60629707574844 4.90419758716598 5.6812300812453 5.84110650233924 4.78940627072006 4.16098994901404 3.61987586366013 4.93834095541388 5.73626136174425 6.21509078191593 6.08697140123695 5.11349035659805 4.30402230704203 3.4283539862372 3.00513178808615 3.01929909037426 3.07319252751768
-9999 -9999 -9999 -9999 -9999 -9999 -9999 -9999 -9999 -9999 -9999 -9999 -9999 -9999 -9999 -9999 -9999 -9999 -9999 2.30165688553825 2.6136884232983 2.89295248221606 3.24233598075807 3.66571806371212 3.86946473736316 4.04227799735963 4.17527103563771 4.51132416492328 4.43862729007378 3.78390174591914 2.78194035636261 2.43822585325688 2.31353571871296 4.18945321580395 5.24728638119996 5.63806988066062 4.97612982289866 3.37296815123409 2.4877242394723 1.75413860706612 3.23846663231961 4.07586669316515 4.63367491029203 4.71611187094823 3.73571261297911 2.96824795659631 2.16085584252141 2.23623765050434 2.6595689705573 3.07427295483649
-9999 -9999 -9999 -9999 -9999 -9999 -9999 -9999 -9999 -9999 -9999 -9999 -9999 -9999 -9999 -9999 -9999 -9999 -9999 -9999 2.86932955496013 3.10526022221893 3.25905263889581 3.28128678957 3.41755746630952 3.62258856184781 4.3645148165524 5.20732345758006 5.23513597436249 4.17406540364027 2.94301758985966 2.72318777278997 2.83029094571248 5.45924354810268 5.32526427414268 4.74983425810933 3.11561611597426 1.43098145490512 1.01952640106902 0.952223018975928 2.04871451715007 2.07361133652739 2.04036870854907 1.84734484646469 1.7655654461123 -9999 -9999 -9999 3.6731586791575 -9999
-9999 -9999 -9999 -9999 -9999 -9999 -9999 -9999 -9999 -9999 -9999 -9999 -9999 -9999 -9999 -9999 -9999 -9999 -9999 2.63137203874066 3.43098328448832 3.86827545007691 4.10435604862869 3.80540447076783 3.77307368908077 3.84464047383517 4.6340789180249 5.04491894971579 4.7697619185783 3.45431567402557 2.487411594484 2.66986645292491 3.24321697116829 6.54108960879967 6.12983372993767 5.38009271258488 3.68457305012271 2.46253368677571 2.69043239532039 3.38547782739624 5.60129951918498 4.99300751835108 4.34460706310347 3.33061020355672 3.02874727640301 3.13250916078687 -9999 -9999 -9999 -9999
-9999 -9999 -9999 -9999 -9999 -9999 -9999 -9999 -9999 -9999 -9999 -9999 -9999 -9999 -9999 -9999 -9999 -9999 2.58773757959716 2.47464757994749 3.02801574580371 3.27333383029327 3.30098185222596 3.00281743984669 3.00892177037895 3.11074911151081 3.77567815594375 4.00266627548262 3.71386182960123 2.60892163496464 1.91456179018132 2.17961024609394 2.75647398666479 5.19336444558576 5.03455870784819 4.51824688352644 3.12264376552776 2.2267771535553 -9999 -9999 4.46856241906062 4.19531028019264 3.91907900338992 3.52257548365742 3.45173383830115 3.40315201319754 -9999 -9999 -9999 -9999
-9999 -9999 -9999 -9999 -9999 2.4867975153029 -9999 -9999 -9999 -9999 -9999 -9999 -9999 -9999 -9999 -9999 -9999 -9999 2.59642269811593 2.25353569840081 2.35991687513888 2.28271064115688 1.99347243178636 1.7807770811487 1.87811140785925 2.04848548164591 2.50814816099592 2.60153403505683 2.38356390036643 1.65485095640179 1.26532246358693 1.52073115459643 1.95711205014959 2.99818282364868 3.26077669160441 3.11685040360317 -9999 -9999 -9999 -9999 -9999 -9999 2.64806700870395 3.32892565056682 3.64426604937762 3.40336711378768 2.90217068977654 2.23432851489633 -9999 -9999
-9999 -9999 -9999 3.04830110399053 3.14786501694471 3.64516500849277 4.12106044823304 4.44922673050314 4.77452451596037 5.31139966333285 5.49758897395804 5.55265304865315 5.08008375763893 4.15629461640492 3.6376636242494 3.25988957192749 3.22488129604608 3.49528840743005 3.84884169325233 4.63664199924096 5.03580928780138 4.90744515554979 4.20425733318552 3.4840515232645 2.99099948024377 2.49960804940201 1.78355803946033 1.46773874585051 -9999 -9999 -9999 -9999 1.26319539849646 1.09182772866916 -9999 -9999 -9999 -9999 -9999 -9999 -9999 -9999 1.63493613072205 1.89150170772336 2.52362131141126 2.77806063531898 2.92362532345578 3.23321353644133 2.94823742005974 -9999
-9999 -9999 -9999 3.11804204829969 3.3063466893509 4.00941548869014 4.13474411470816 4.10236188909039 3.97624536417425 3.79344663815573 3.70650555705652 3.60534007195383 3.38181126862764 3.17814034642652 3.06889648782089 2.99605104373768 2.76634938782081 2.77926820563152 2.88566839881241 3.50434568244964 4.29535992443562 4.73656832473353 4.99052123632282 5.33067426877096 4.87150659319013 4.19322391971946 2.48195067979395 -9999 -9999 -9999 -9999 -9999 -9999 -9999 -9999 -9999 -9999 -9999 -9999 -9999 -9999 -9999 -9999 1.72734878724441 2.0002719364129 2.43756656418554 3.01121914526448 3.7865266436711 3.59827779466286 -9999
-9999 -9999 -9999 -9999 3.34523159544915 4.0964936139062 3.85955334641039 3.54038933292031 3.10074216686189 2.51441667205654 2.31153474887833 2.17092407983728 2.19291793182492 2.53701705951244 2.72755175828934 2.86284452886321 2.41731337155215 2.17098280554637 2.01421596575528 2.33313947101124 3.15511735389009 3.81424203515053 4.55334893194959 5.46887896489352 5.14890704071149 4.52616254333407 2.60934727848507 -9999 -9999 -9999 -9999 -9999 -9999 -9999 -9999 -9999 -9999 -9999 2.43377087172121 3.03835314698517 -9999 -9999 -9999 -9999 1.62542141333688 2.08545601344667 2.80366310616955 3.9833948132582 3.94178411224857 3.6691541201435
-9999 -9999 -9999 3.0194899358321 3.11930080060847 3.56864127097651 2.79838014976122 2.25157784298062 1.69717210228555 1.28810806490947 1.2916351435706 1.36958244256675 1.72620099037886 2.43141330429353 2.78375409543514 2.98291382496245 2.18645574641414 1.57396226422861 1.01216494222172 0.606402575795073 0.62601804966107 0.7654770713998 1.07615927990992 1.65881054126658 1.77998158615083 1.80284149828367 1.44932878611144 -9999 -9999 -9999 -9999 -9999 -9999 -9999 -9999 -9999 -9999 -9999 1.55783592781518 1.84893827245105 -9999 -9999 -9999 -9999 -9999 -9999 1.8222362792585 3.42311603017151 3.70323064271361 3.67009865585715
-9999 -9999 -9999 -9999 2.92134984629229 3.43414766248316 2.69559459993616 2.32818676158786 2.07626834744588 2.3444238177035 2.59375232853927 2.77095917263068 2.6581940241158 2.61829265509732 2.60093986289576 2.5949600560125 2.43903271621093 2.36253789626062 2.29607736691833 2.23895532544702 1.91305964835919 1.56524634221569 1.06737368332688 0.9812295116717 0.998193750274368 -9999 -9999 -9999 -9999 -9999 -9999 -9999 -9999 -9999 -9999 -9999 -9999 -9999 -9999 1.4042428432731 -9999 -9999 -9999 -9999 -9999 -9999 -9999 1.6414396231994 1.83158445870504 1.98584924801253
-9999 -9999 -9999 -9999 2.72784570115618 3.38833768037148 2.78463403810747 2.5379553087987 2.42766261217184 2.87489220499992 3.09782327385619 3.17258660215884 2.61203477857634 2.19946446013637 2.04362989752553 2.03010129625909 2.37269283388741 2.69381381222047 3.00014670356177 3.26028896961361 2.68061488168314 2.11666524410248 1.36066915292758 -9999 -9999 -9999 -9999 -9999 -9999 -9999 -9999 -9999 -9999 -9999 -9999 -9999 -9999 1.3206459057983 1.4732002891833 1.57804954214953 -9999 -9999 -9999 -9999 -9999 -9999 -9999 -9999 -9999 -9999
-9999 -9999 -9999 2.23507269693073 2.51223261002451 3.36809847503901 2.95199838001281 2.82019525766373 2.81230652472004 3.28540408518165 3.38302224408835 3.27190513489768 2.21637914073654 1.51647519087419 1.28649559628684 1.33395364391617 2.18612853786908 2.90486201411113 3.5865158890374 4.19170501409099 3.35945369442925 2.64823920442723 -9999 -9999 -9999 -9999 -9999 -9999 -9999 -9999 -9999 -9999 -9999 -9999 -9999 -9999 -9999 -9999 1.82649515045341 1.99054059921764 -9999 -9999 -9999 -9999 -9999 -9999 -9999 -9999 -9999 -9999
-9999 -9999 -9999 2.23071583604906 2.30022965697572 2.28693763492629 1.95857131329831 1.65537623979617 1.29408640495967 1.28564991464373 1.46739844058175 1.62049531645607 1.63370404334273 1.45288509665988 1.36944398400374 1.33250807994045 1.52896365034394 1.65465694153681 1.73635063692927 1.5674508351367 1.03889045713004 -9999 -9999 -9999 -9999 -9999 -9999 -9999 -9999 -9999 -9999 -9999 -9999 -9999 -9999 -9999 -9999 -9999 1.0887764277868 1.25237058964558 -9999 -9999 -9999 -9999 -9999 -9999 -9999 -9999 -9999 -9999
-9999 -9999 1.78020470193587 1.84955654258374 1.89892464259174 1.8928615929326 1.71864326403011 1.58383292437065 1.43858910596464 1.57254813238978 1.79453683958855 1.96855258836877 1.94130351883359 1.70665863552131 1.60159213410225 1.56024048628751 1.69907798990607 1.72913093701936 1.70963038690388 1.41095632861834 1.01790041662753 -9999 -9999 -9999 -9999 -9999 -9999 -9999 -9999 -9999 -9999 -9999 -9999 -9999 -9999 -9999 -9999 -9999 0.915043882559985 0.971757620573044 -9999 -9999 -9999 -9999 -9999 -9999 -9999 -9999 -9999 -9999
-9999 -9999 1.54385719215497 1.57450884289574 1.60239580145571 1.6227709769737 1.62562787008937 1.65757863724139 1.71297536871862 1.91548744041938 2.03628509771079 2.10117370588705 1.93648790591396 1.72571719740517 1.66453077108599 1.69534710003063 1.82715058908798 1.77205707295798 1.65761832031421 1.23263112909626 0.970619515283033 -9999 -9999 -9999 -9999 -9999 -9999 -9999 -9999 -9999 -9999 -9999 -9999 -9999 -9999 -9999 -9999 -9999 -9999 -9999 -9999 -9999 -9999 -9999 -9999 -9999 -9999 -9999 -9999 -9999
