Raster_environnement/Raster_managed_pasture_and_rangeland.asc
NCOLS 79 
NROWS 71 
XLLCORNER -10.5 
YLLCORNER 36 
CELLSIZE 0.5 
NODATA_value -9999 
[rows 44 to 65 of 71, columns 0 to 47 of 79]
-9999 -9999 -9999 -9999 -9999 -9999 -9999 -9999 -9999 -9999 -9999 -9999 -9999 -9999 -9999 -9999 -9999 -9999 0.281864873869219 0.234210728168419 0.124037000126072 0.251407110637328 0.192795770683022 0.117759239089313 0.182396897853615 0.111898506428615 0.115208649515951 0.1832561661787 0.167043214538416 0.196261530647164 0.20072258068019 0.177267873623104 0.187262954587987 0.131129872488478 0.105747536284873 0.119607583345961 0.0215585647738355 0.0405966962432702 0.0640037146557168 0.0874624839258715 0.159157636967154 0.199893815189355 0.155842104701053 0.10073114869665 0.112851334053796 0.103973867682179 0.150248738940278 0.139366634825931
-9999 -9999 -9999 -9999 -9999 -9999 -9999 -9999 -9999 -9999 -9999 -9999 -9999 -9999 0.198768556053308 -9999 -9999 -9999 0.334413294066755 0.340652462936006 0.274128557002412 0.277488414039828 0.180070379408458 0.169713547219993 0.109258288869252 0.02294968842069 0.0711175206420371 0.188870163880009 0.177758748194787 0.219233737849713 0.171032877516068 0.173945637722537 0.146638384048628 0.164994591584722 0.20967559704968 0.107577861248905 0.0982733928135613 0.0365107063425231 0.0527348103999459 0.0149083758843126 0.0924545255901197 0.128576943717653 0.17681606376885 0.141164295327299 0.141741175136766 0.160909420065045 0.1668283437128 0.150175956837763
-9999 -9999 -9999 -9999 -9999 -9999 -9999 -9999 -9999 -9999 -9999 -9999 0.246521672804227 0.303956929931563 0.30862817550909 0.285196069129019 0.270717031585262 0.24956692745014 0.307768884766609 0.30817485975657 0.299970161191731 0.23827835011868 0.242064423127798 0.188425594883215 0.196109244351975 0.179752221763421 0.135795058106878 0.161293852733016 0.179462696843581 0.163692695796534 0.154913376715317 0.161581330741923 0.185935703931775 0.187834243256549 0.0699822662664829 0.04083203556646 0.0898952018671153 0.0469027323981975 0.105497450854853 0.104050103059451 0.152569733079392 0.176316814877102 0.156004736039596 0.13858845122361 0.113663809346101 0.243612202210343 0.245567730764663 0.291074022408214
-9999 -9999 -9999 -9999 -9999 -9999 -9999 -9999 -9999 -9999 -9999 -9999 -9999 -9999 0.190144319115476 0.262777543875123 0.313091019932992 0.289302799432344 0.283275288025072 0.289241168471089 0.252150124496091 0.208821920795502 0.226208145417098 0.167406788291593 0.0862340890822439 0.117343013431296 0.198839443165276 0.189994116756396 0.167357972058149 0.177672013110091 0.131257363815968 0.190298364710607 0.202396715370718 0.138115923418157 0.041394650369602 0.0798339537597039 0.0618657749016993 0.124101390288147 0.170799609312184 0.197517994015778 0.243275260190344 0.278227083133577 0.243858297501186 0.109798244338398 0.13650895732018 0.176737225386842 0.142494021120736 0.222887460383156
-9999 -9999 -9999 -9999 -9999 -9999 -9999 -9999 -9999 -9999 -9999 -9999 -9999 -9999 -9999 -9999 -9999 0.268177985365037 0.256476747990659 0.239879700536799 0.202360568119038 0.157919424594793 0.18320966319207 0.199276128672045 0.162530636332639 0.111796679902066 0.226731079043658 0.161302077006882 0.182544182890656 0.180501580579701 0.159430968519716 0.127017523353103 0.129275588012953 0.124186334658029 0.152708151819884 0.187567594072372 0.214486661479987 0.238019226438061 0.215251240855246 0.310500223019142 0.242387025051101 0.384595096111298 0.264278681948781 0.261540550738573 0.324247805401683 0.330537519417703 0.346038700081408 0.304052815306932
-9999 -9999 -9999 -9999 -9999 -9999 -9999 -9999 -9999 -9999 -9999 -9999 -9999 -9999 -9999 -9999 -9999 0.213768820170115 0.253011527143578 0.28435849710081 0.264389413453207 0.18309346774436 0.217167245396998 0.249728857755483 0.230776883021034 0.252772952724104 0.247443928169601 0.216933617645767 0.240669406391231 0.203814079904176 0.199364582186148 0.219119450119945 0.111088153238952 0.137299523804304 0.26257059204831 0.332262486786473 0.283795764515069 0.218425251386632 0.363623404875398 0.397696785628796 0.402824429795146 0.323510779067874 0.256561731453985 0.240756705780074 0.191336798550991 0.260069136042148 0.272813891991973 0.203794809756801
-9999 -9999 -9999 -9999 -9999 -9999 -9999 -9999 -9999 -9999 -9999 -9999 -9999 -9999 -9999 -9999 -9999 -9999 -9999 0.226872848411154 0.221144887022172 0.240981897650445 0.275308318456272 0.270163752122236 0.241551945893869 0.293801917957774 0.263803879306267 0.233459616991435 0.256569513691744 0.229027333248195 0.189374217707724 0.195979574775689 0.0762612600562192 0.0976465324092285 0.110032139076793 0.246898256635528 0.203762519813608 0.233697559684515 0.154712174320593 0.207805548794568 0.274596816860139 0.213471429888159 0.126219614447111 0.0941575783829016 0.134054096519049 0.0961247380646873 0.125491148567982 0.0947956292885337
-9999 -9999 -9999 -9999 -9999 -9999 -9999 -9999 -9999 -9999 -9999 -9999 -9999 -9999 -9999 -9999 -9999 -9999 -9999 0.214887501810113 0.220205788877013 0.197955664200958 0.208219694979807 0.1781734934161 0.0605447461710051 0.0503050225240032 0.153538706972563 0.178679140391418 0.0992824479773972 0.267275840278459 0.136240415591586 0.132379397608085 0.12819834210094 0.0696746970863274 0.131943424697965 0.212257761508226 0.254599331878126 0.0812950069854196 0.0262061106479768 0.0220080596378891 0.0769748187495365 0.122348329787476 0.100097198330996 0.124231740359116 0.0863596178420814 0.0494551356372072 0.0513130311694617 0.0412220687401556
-9999 -9999 -9999 -9999 -9999 -9999 -9999 -9999 -9999 -9999 -9999 -9999 -9999 -9999 -9999 -9999 -9999 -9999 -9999 -9999 0.230532212067761 0.201819440150013 0.163907619479048 0.18811225752179 0.0810781406944523 0.0624853835462537 0.185557086715592 0.212911999696501 0.177220236954935 0.14312656970874 0.167433673486581 0.153836882188965 0.0601235743841489 0.112732172012329 0.12572984375054 0.160353756187936 0.101879390871875 0.0889628054119837 0.0495564459133096 0.056126367372784 0.108337962270062 0.0738870788252732 0.0984534768630443 0.0639844031150241 0.0702209613907306 -9999 -9999 -9999
-9999 -9999 -9999 -9999 -9999 -9999 -9999 -9999 -9999 -9999 -9999 -9999 -9999 -9999 -9999 -9999 -9999 -9999 -9999 0.0324372135606578 0.243785596372812 0.217949117301975 0.179129479803687 0.152815844317996 0.266796223632973 0.181803857609102 0.171711281828361 0.222759242606052 0.183516501440383 0.0942184743156137 0.150651486267175 0.0903278223704547 0.0879858206026256 0.0640962290236863 0.1731624789536 0.205201313691972 0.116521652166136 0.14415180847902 0.076507973340365 0.0735299315218018 0.110756658684317 0.116504802861099 0.0975864829979897 0.076757476429231 0.106328775118867 0.0826814277830215 -9999 -9999
-9999 -9999 -9999 -9999 -9999 -9999 -9999 -9999 -9999 -9999 -9999 -9999 -9999 -9999 -9999 -9999 -9999 -9999 0.00920264256215191 0.094134607585147 0.0437313881665211 0.16602245778918 0.237485265884461 0.245196158246857 0.266176677232194 0.26674893042675 0.268807742215169 0.160472678503949 0.0523449377942597 0.110725055406855 0.141530394370828 0.14838861256972 0.150358730228618 0.10736277513206 0.104606717999559 0.178614932354892 0.165002525514573 0.0459197291129739 -9999 -9999 0.0177491493515772 0.0480482808983013 0.116372497065015 0.0933046572182126 0.108072873577793 0.0776978736337534 -9999 -9999
-9999 -9999 -9999 -9999 -9999 0.0401062035841475 -9999 -9999 -9999 -9999 -9999 -9999 -9999 -9999 -9999 -9999 -9999 -9999 0.0472353725915115 0.149158365485401 0.213452005766744 0.264104883216166 0.233865497603164 0.169087092093065 0.216645663372376 0.206495281075297 0.153235216454473 0.163547049507584 0.0864546412378572 0.101787801291414 0.13437816308106 0.128502795062157 0.127253103499864 0.101790670934177 0.0759736995225731 0.0400528229378948 -9999 -9999 -9999 -9999 -9999 -9999 0.0700883371555082 0.0761512821850565 0.0497267320697563 0.126944472281698 0.100373371247844 0.0442057036871112
-9999 -9999 -9999 0.0500300256263259 0.0896943463821456 0.113558367955406 0.0642297237628654 0.0549852368421853 0.0952082022937408 0.112379514032282 0.059656565048499 0.043030565866502 0.0821793041600772 0.136237184982747 0.107669517930759 0.105475787802979 0.102234411662617 0.0502411230770464 0.157956733919161 0.132893175795664 0.12615725841858 0.15131430631475 0.229238587058215 0.195818101917968 0.219737986059605 0.145888854553454 0.130884899854478 0.0715825929120276 -9999 -9999 -9999 -9999 0.0378003423496368 0.0480560745505177 -9999 -9999 -9999 -9999 -9999 -9999 -9999 -9999 0.107376582001322 0.10557432415461 0.111107518042382 0.0890368921051429 0.128752666796929 0.10476413115515
-9999 -9999 -9999 0.108859504932849 0.143720807417965 0.224951772773927 0.0816168361648222 0.0643366879667155 0.0698768012225628 0.119471212907229 0.140366931329481 0.13484926125966 0.215615397875545 0.221875106915832 0.200181206106208 0.18080401494046 0.158337220073243 0.207621765470729 0.133958306978457 0.091849644202739 0.127680621575564 0.11346474988386 0.113270538626239 0.0869699546601623 0.125544136606887 0.0504893652396277 0.0891925835621018 -9999 -9999 -9999 -9999 -9999 -9999 -9999 -9999 -9999 -9999 -9999 -9999 -9999 -9999 -9999 -9999 0.149486480148347 0.142662135510667 0.108530736369343 0.107885278303997 0.0651153416345837
-9999 -9999 -9999 -9999 0.193282924312379 0.112569138584073 0.107661031666582 0.123080554185435 0.11238125417357 0.258082027177728 0.289776317541471 0.243074908386916 0.268093054182827 0.256304283626378 0.128591158194467 0.128924136341084 0.219395559042396 0.273194252254223 0.236654216423631 0.181634655687958 0.172967930255103 0.16289148357464 0.227304018801078 0.0606775804772042 0.103876890672836 0.0780555826204363 0.109643609869123 -9999 -9999 -9999 -9999 -9999 -9999 -9999 -9999 -9999 -9999 -9999 0.0239239742804784 0.0324455963478955 -9999 -9999 -9999 -9999 0.111016400332307 0.123048897185773 0.0837910686741193 0.161383998052084
-9999 -9999 -9999 0.0946250217596674 0.0943145824776866 0.0849567602589474 0.167158196122845 0.167809855354316 0.165002703659327 0.28108508978039 0.237984172999859 0.21158854663372 0.250658924691379 0.258327118121088 0.22175801359117 0.141243773861788 0.260650914162397 0.237087130080909 0.0987387858331203 0.0917984480038285 0.197940457612276 0.251771082791083 0.248853996838103 0.294185986730889 0.182079386202696 0.0404200761230118 0.0440250669247063 -9999 -9999 -9999 -9999 -9999 -9999 -9999 -9999 -9999 -9999 -9999 0.0115712542174151 0.0159306357903408 -9999 -9999 -9999 -9999 -9999 -9999 0.101974747383888 0.102741775998863
-9999 -9999 -9999 -9999 0.131587508607678 0.0961690928166524 0.150781120566269 0.196754589909688 0.391724655876083 0.325877359136939 0.263268001377583 0.235497310757637 0.212718792259693 0.271002346649766 0.199060739018023 0.271328807051759 0.28028554096818 0.232461776584387 0.229659790173173 0.110075477976352 0.0708320192061365 0.273300167173147 0.206501750275493 0.130997911270131 0.0955337235419134 -9999 -9999 -9999 -9999 -9999 -9999 -9999 -9999 -9999 -9999 -9999 -9999 -9999 -9999 0.0664861489494797 -9999 -9999 -9999 -9999 -9999 -9999 -9999 0.0596637628849105
-9999 -9999 -9999 -9999 0.0366283365227536 0.0754500320538139 0.196342150008386 0.310735435161868 0.354277446755862 0.304634768407198 0.306555839237291 0.316932626068592 0.284892953648728 0.248221878492459 0.243385411798954 0.210848084650934 0.0986936039989814 0.227025690022856 0.282766067422926 0.234951816499233 0.209860998205841 0.209629592951387 0.0942948674783111 -9999 -9999 -9999 -9999 -9999 -9999 -9999 -9999 -9999 -9999 -9999 -9999 -9999 -9999 0.111910028034204 0.218703198172936 0.169686020584777 -9999 -9999 -9999 -9999 -9999 -9999 -9999 -9999
-9999 -9999 -9999 0.115424222820261 0.0530104722608275 0.0511513807696772 0.221690071604097 0.249462482519448 0.215442251683271 0.291716319043189 0.272179445251822 0.260276585817337 0.272900339215994 0.0991858765482903 0.188650811091065 0.270577576011419 0.213290184969082 0.0901434780098498 0.197583494242281 0.13284887233749 0.153914024901499 0.131120462552644 -9999 -9999 -9999 -9999 -9999 -9999 -9999 -9999 -9999 -9999 -9999 -9999 -9999 -9999 -9999 -9999 0.270108961677564 0.180838399924927 -9999 -9999 -9999 -9999 -9999 -9999 -9999 -9999
-9999 -9999 -9999 0.15526258589643 0.0774242030885383 0.069937568042946 0.29593419842422 0.384553248994052 0.27894982509315 0.248682767152786 0.244245812296867 0.24165054410696 0.269823968410492 0.153578747063875 0.183645058423281 0.284761942923069 0.278138626366854 0.163751564919949 0.161689020693302 0.149625364691019 0.0917462003417313 -9999 -9999 -9999 -9999 -9999 -9999 -9999 -9999 -9999 -9999 -9999 -9999 -9999 -9999 -9999 -9999 -9999 0.193888426221723 0.126515298729508 -9999 -9999 -9999 -9999 -9999 -9999 -9999 -9999
-9999 -9999 0.205014470297714 0.275847316223774 0.26879104779824 0.316092495196073 0.334005674885527 0.278337861411273 0.291357770895096 0.344887360519193 0.313616059720516 0.194305676966906 0.176331494003534 0.24722246080637 0.245270039886236 0.280472792685032 0.257029589265585 0.231268856674433 0.221533935517073 0.211308214813471 0.157671442876259 -9999 -9999 -9999 -9999 -9999 -9999 -9999 -9999 -9999 -9999 -9999 -9999 -9999 -9999 -9999 -9999 -9999 0.149701525024584 0.0672569922171533 -9999 -9999 -9999 -9999 -9999 -9999 -9999 -9999
-9999 -9999 0.0947105314740004 0.259101758640079 0.344192038712142 0.346609364810325 0.325843524899377 0.298872245432097 0.277336604528434 0.303072065509985 0.359209032729268 0.263222535606474 0.299442190676928 0.336714707314968 0.325174227356911 0.351914994418621 0.237950854003429 0.155624400824308 0.103841783246025 0.109695297200233 0.0617497228086318 -9999 -9999 -9999 -9999 -9999 -9999 -9999 -9999 -9999 -9999 -9999 -9999 -9999 -9999 -9999 -9999 -9999 -9999 -9999 -9999 -9999 -9999 -9999 -9999 -9999 -9999 -9999
