Raster_environnement/Raster_temperature_inFall.asc
NCOLS 79 
NROWS 71 
XLLCORNER -10.5 
YLLCORNER 36 
CELLSIZE 0.5 
NODATA_value -9999 
[rows 44 to 65 of 71, columns 0 to 49 of 79]
-9999 -9999 -9999 -9999 -9999 -9999 -9999 -9999 -9999 -9999 -9999 -9999 -9999 -9999 -9999 -9999 -9999 -9999 14.3799275716146 13.9607177734375 13.7204121907552 13.2950276692708 12.5278055826823 11.9306579589844 11.7039225260417 11.5381815592448 11.5090983072917 11.4303527832031 11.2924641927083 11.0175821940105 10.5497782389323 10.1903523763021 9.83587036132815 9.57016398111983 9.61999918619796 9.69768676757815 9.86019287109377 9.96442057291671 9.81625773111983 9.57732543945315 9.18418782552084 8.99037068684896 8.83452758789065 8.7105651855469 8.41167602539065 8.19288533528646 7.97042236328127 7.76319783528646 7.81192423502608 7.86830037434896
-9999 -9999 -9999 -9999 -9999 -9999 -9999 -9999 -9999 -9999 -9999 -9999 -9999 -9999 14.6736287434896 -9999 -9999 -9999 13.158095296224 12.0636433919271 11.7247660319011 11.5796752929688 11.5749247233073 11.6183308919271 11.690087890625 11.7808675130208 12.0175720214844 11.8501424153646 11.6682169596355 11.3913004557292 10.980360921224 10.6640258789063 10.3493693033855 10.0641825358073 9.94344482421877 9.81861775716146 9.63211466471358 9.24834594726565 8.97436930338546 8.70512288411459 8.52053222656252 8.5395446777344 8.59194335937502 8.74968872070315 8.78995157877608 8.64764811197921 8.40965169270834 7.83210652669271 7.51180419921877 7.32597249348959
-9999 -9999 -9999 -9999 -9999 -9999 -9999 -9999 -9999 -9999 -9999 -9999 14.0237670898438 13.6101521809896 13.4413899739583 13.4021952311198 13.1991821289063 12.9111470540365 12.6006917317708 12.1443115234375 12.0186197916667 11.9909810384115 12.0512227376302 12.1796407063802 12.2347045898438 12.2683858235677 12.1723876953125 11.802626546224 11.5081217447917 11.1930786132813 10.7820882161458 10.3981058756511 9.99088948567709 9.48295491536459 9.31460978190108 9.17307942708334 9.01923014322921 8.72965901692709 8.53450927734377 8.34573771158858 8.1114440917969 8.09120076497396 8.13774007161459 8.3712097167969 8.42878621419271 8.41689453125002 8.37543131510421 8.21803181966146 8.09793497721358 7.9735046386719
-9999 -9999 -9999 -9999 -9999 -9999 -9999 -9999 -9999 -9999 -9999 -9999 -9999 -9999 14.0934285481771 13.9780619303386 13.5035339355469 13.195703125 12.90224609375 12.5598592122396 12.4828633626302 12.4675435384115 12.5082438151042 12.5395650227865 12.5027811686198 12.4360697428386 12.1595703125 11.6737609863281 11.3086385091146 10.9551330566406 10.6019022623698 10.3122192382813 10.0103393554688 9.56325683593752 9.36295979817709 9.18410644531252 8.96692301432296 8.64863484700521 8.27565917968752 7.84535115559896 7.23402303059896 7.00827433268233 6.86789347330733 6.88486124674483 6.67019042968752 6.56634928385421 6.48972981770834 6.52140706380209 6.64031372070315 6.76557820638021
-9999 -9999 -9999 -9999 -9999 -9999 -9999 -9999 -9999 -9999 -9999 -9999 -9999 -9999 -9999 -9999 -9999 13.8350260416667 13.45888671875 13.0901021321615 13.0169311523438 12.984012858073 12.9792114257813 12.857802327474 12.7045125325521 12.5215698242188 12.1012308756511 11.525537109375 11.1025736490886 10.7105041503906 10.4310750325521 10.2817830403646 10.138808186849 9.77357381184896 9.50220133463546 9.24464314778646 8.90059814453127 8.51841634114584 7.90249023437502 7.15000813802084 6.07206624348959 5.60291951497396 5.24115397135421 5.00172322591146 4.48310750325521 4.2570739746094 4.11067097981771 4.30235188802084 4.68428955078127 5.11883951822921
-9999 -9999 -9999 -9999 -9999 -9999 -9999 -9999 -9999 -9999 -9999 -9999 -9999 -9999 -9999 -9999 -9999 15.1414123535156 14.5400736490886 13.631005859375 13.351220703125 13.1720825195313 13.0275614420573 12.667372639974 12.4214721679688 12.1875854492188 11.9607889811198 11.6569661458333 11.3812906901042 11.0293111165365 10.75185546875 10.7147664388021 10.6407104492188 8.93092244466146 7.50997314453127 6.28440755208334 4.88481038411459 4.36896158854171 3.82475179036459 3.20960896809896 2.19515380859377 1.98196818033858 2.04926961263021 2.84933878580733 3.63523763020834 4.12880859375002 4.58623657226565 5.3039489746094 5.85035603841146 6.43701578776046
-9999 -9999 -9999 -9999 -9999 -9999 -9999 -9999 -9999 -9999 -9999 -9999 -9999 -9999 -9999 -9999 -9999 -9999 -9999 14.278700764974 13.7891479492188 13.3511088053386 12.8031860351563 12.0501342773438 11.6467631022136 11.293593343099 11.0312133789063 10.8123718261719 10.7720174153646 10.955946858724 11.0403483072917 10.7944173177083 10.3483011881511 7.65154418945315 5.92613118489584 4.86322428385421 4.55296223958334 5.49686075846358 6.03998209635421 6.49898681640627 5.43965047200521 5.21157226562502 5.25220133463546 5.98517252604171 7.30015462239584 8.29045003255209 9.31241251627608 9.23906860351565 8.95295613606771 8.71541748046877
-9999 -9999 -9999 -9999 -9999 -9999 -9999 -9999 -9999 -9999 -9999 -9999 -9999 -9999 -9999 -9999 -9999 -9999 -9999 14.719873046875 14.1154724121094 13.5511922200521 12.8191263834636 11.8437540690105 11.2791687011719 10.7585795084636 10.2030476888021 9.96395263671877 10.0841817220052 10.7394551595052 11.1053304036458 10.6939331054688 9.9539733886719 6.47286376953127 5.05937093098959 4.56003214518233 5.51907755533858 7.68975219726565 8.85845336914065 9.82452799479171 8.68368937174483 8.51664632161459 8.58077392578127 9.2524353027344 10.7192728678386 11.9419596354167 13.2660970052083 12.6456746419271 11.6600891113281 10.7058044433594
-9999 -9999 -9999 -9999 -9999 -9999 -9999 -9999 -9999 -9999 -9999 -9999 -9999 -9999 -9999 -9999 -9999 -9999 -9999 -9999 14.3576904296875 13.8751973470052 13.3129313151042 12.3579243977865 11.5581705729167 10.7066996256511 9.23186645507815 8.75783691406252 8.95838826497396 10.1529378255208 10.7588338216146 10.1987650553386 9.19700520833334 5.00510050455733 5.24110310872396 6.32407023111983 9.42930501302084 12.8763163248698 14.02333984375 14.5937235514323 13.2659240722656 13.3340087890625 13.529677327474 14.126102701823 15.0677124023438 -9999 -9999 -9999 14.7091613769531 -9999
-9999 -9999 -9999 -9999 -9999 -9999 -9999 -9999 -9999 -9999 -9999 -9999 -9999 -9999 -9999 -9999 -9999 -9999 -9999 15.276981608073 14.4222859700521 13.9210754394531 13.5887390136719 12.8764180501302 12.0838053385417 11.1788167317708 9.35745646158858 9.08193359375002 9.4858337402344 10.9745320638021 11.4501586914063 10.6426737467448 9.36686604817709 5.15106608072921 5.68779907226565 6.80498657226565 9.47080891927084 11.9432210286458 12.4125305175781 12.3393595377605 11.5140930175781 12.1254618326823 12.8010192871094 13.9138529459636 15.0320475260417 16.1119730631511 -9999 -9999 -9999 -9999
-9999 -9999 -9999 -9999 -9999 -9999 -9999 -9999 -9999 -9999 -9999 -9999 -9999 -9999 -9999 -9999 -9999 -9999 16.3793070475261 15.2311442057292 14.5661254882813 14.3074890136719 14.3599690755208 13.7870829264323 13.0227396647136 12.1519002278646 10.593408203125 10.5294840494792 11.0615173339844 12.6187072753906 13.004520670573 12.1978291829427 10.9846028645833 7.66155395507815 7.80549519856771 8.56838378906252 10.7966959635417 13.437137858073 -9999 -9999 13.3655131022136 13.2199849446615 13.1781351725261 13.3799072265625 13.9831583658855 14.9013509114583 -9999 -9999 -9999 -9999
-9999 -9999 -9999 -9999 -9999 16.5873148600261 -9999 -9999 -9999 -9999 -9999 -9999 -9999 -9999 -9999 -9999 -9999 -9999 16.1982971191406 15.0157409667969 14.6859375 14.7630350748698 15.2754659016927 14.8389729817708 14.1323384602865 13.3481689453125 12.2978047688802 12.4927103678386 13.1467732747396 14.6918477376302 14.988173421224 14.2627705891927 13.2275431315105 11.1691019694011 10.7026102701823 10.9705342610677 -9999 -9999 -9999 -9999 -9999 -9999 13.9684895833333 12.7500854492188 12.5781188964844 13.2408386230469 14.3430623372396 17.0598286946615 -9999 -9999
-9999 -9999 -9999 15.1282287597656 14.250634765625 13.0148050944011 12.1874938964844 11.6843404134115 11.238905843099 10.8659708658855 10.8574869791667 10.9536478678386 11.4912760416667 12.355859375 12.8781778971355 13.3073669433594 13.4085428873698 13.1576680501302 12.8101033528646 11.9645833333333 11.3836608886719 11.3414042154948 11.8221781412761 12.2812133789063 12.7628621419271 13.3520853678386 14.9628438313802 16.6569661458333 -9999 -9999 -9999 -9999 17.4843383789063 17.3635192871094 -9999 -9999 -9999 -9999 -9999 -9999 -9999 -9999 17.4521830240886 15.0179077148438 13.8153930664063 13.3440795898438 13.0869893391927 15.1798848470052 16.7502990722656 -9999
-9999 -9999 -9999 15.0790751139323 14.0038289388021 12.4541768391927 11.6282491048177 11.2571350097656 11.046268717448 11.2099650065105 11.4243916829427 11.6381673177083 11.8995300292969 11.9809102376302 12.1635681152344 12.4773193359375 13.0801737467448 13.132958984375 13.018690999349 12.0752604166667 10.986474609375 10.3028096516927 9.77237345377608 9.76735839843752 10.5196472167969 11.5608764648438 14.3898661295573 -9999 -9999 -9999 -9999 -9999 -9999 -9999 -9999 -9999 -9999 -9999 -9999 -9999 -9999 -9999 -9999 17.586572265625 15.5635314941406 14.2612752278646 13.0342346191406 13.3789204915365 14.7696268717448 -9999
-9999 -9999 -9999 -9999 13.9753153483073 12.2878356933594 11.6638529459636 11.4917338053386 11.5254353841146 12.0359741210938 12.321923828125 12.5208170572917 12.4155314127605 11.8429402669271 11.7074829101563 11.8542419433594 12.8998352050781 13.3571105957031 13.6349426269531 13.0772440592448 11.9235371907552 10.9670043945313 9.85524902343752 9.43381144205733 10.1924886067708 11.3292785644531 14.5633992513021 -9999 -9999 -9999 -9999 -9999 -9999 -9999 -9999 -9999 -9999 -9999 17.2148376464844 16.2142985026042 -9999 -9999 -9999 -9999 17.3404276529948 15.6250854492188 13.7602783203125 12.577294921875 13.5036966959636 14.7437377929688
-9999 -9999 -9999 15.5542236328125 14.4470357259115 12.9794352213542 13.10732421875 13.3701009114583 13.7687520345052 14.3189432779948 14.35 14.2176452636719 13.388564046224 12.2055196126302 11.6763651529948 11.4690388997396 12.9948669433594 14.2532491048177 15.4507283528646 16.5650166829427 16.3584533691406 15.8843933105469 14.968153889974 14.0767761230469 14.2252034505208 14.660292561849 16.5549458821615 -9999 -9999 -9999 -9999 -9999 -9999 -9999 -9999 -9999 -9999 -9999 18.152490234375 17.219608561198 -9999 -9999 -9999 -9999 -9999 -9999 16.599013264974 13.7994934082031 13.4106079101563 13.4777567545573
-9999 -9999 -9999 -9999 14.9569030761719 13.6979919433594 14.0632771809896 14.1693359375 14.1590515136719 13.8511596679688 13.6059509277344 13.3567749023438 12.9989766438802 12.5487406412761 12.2614481608073 12.0066365559896 12.3897338867188 12.93154296875 13.5468994140625 14.6614725748698 15.6354715983073 16.4165181477865 17.2923319498698 18.3094116210938 18.7337585449219 -9999 -9999 -9999 -9999 -9999 -9999 -9999 -9999 -9999 -9999 -9999 -9999 -9999 -9999 18.0156697591146 -9999 -9999 -9999 -9999 -9999 -9999 -9999 18.0140726725261 16.9078715006511 15.9943176269531
-9999 -9999 -9999 -9999 15.5392700195313 14.2972249348958 14.5450988769531 14.486220296224 14.245975748698 13.6552876790365 13.4502807617188 13.3469584147136 13.606591796875 13.6826924641927 13.517470296224 13.1228068033855 12.4846028645833 12.3881368001302 12.4642069498698 13.4079630533855 15.0364420572917 16.4813578287761 18.275028483073 -9999 -9999 -9999 -9999 -9999 -9999 -9999 -9999 -9999 -9999 -9999 -9999 -9999 -9999 18.8525939941406 18.1654602050781 17.7009318033855 -9999 -9999 -9999 -9999 -9999 -9999 -9999 -9999 -9999 -9999
-9999 -9999 -9999 17.0563903808594 16.2183471679688 14.9277893066406 14.9192138671875 14.6723164876302 14.2368916829427 13.5310709635417 13.4823852539063 13.6351155598958 14.6390726725261 15.2333312988281 15.1630187988281 14.5789225260417 12.8371724446615 12.0518330891927 11.537733968099 12.2295878092448 14.4076782226563 16.3898457845052 -9999 -9999 -9999 -9999 -9999 -9999 -9999 -9999 -9999 -9999 -9999 -9999 -9999 -9999 -9999 -9999 17.1772501627605 16.9572285970052 -9999 -9999 -9999 -9999 -9999 -9999 -9999 -9999 -9999 -9999
-9999 -9999 -9999 17.5438069661458 17.0523518880208 16.7807149251302 17.0083862304688 17.1382080078125 17.2453857421875 16.7661682128906 16.3407836914063 16.0181213378906 16.0808349609375 16.1561116536458 16.0427083333333 15.754774983724 14.9473103841146 14.7288350423177 14.7781819661458 16.3276814778646 19.2490173339844 -9999 -9999 -9999 -9999 -9999 -9999 -9999 -9999 -9999 -9999 -9999 -9999 -9999 -9999 -9999 -9999 -9999 19.0863382975261 18.5695231119792 -9999 -9999 -9999 -9999 -9999 -9999 -9999 -9999 -9999 -9999
-9999 -9999 18.3760416666667 18.0301147460938 17.7460673014323 17.5816996256511 17.6956522623698 17.7556701660156 17.8005004882813 17.4413899739583 16.9009745279948 16.4512369791667 16.3499186197917 16.2862487792969 16.0911499023438 15.7388549804688 15.2543477376302 15.3494405110677 15.6653279622396 17.1960286458333 19.5743245442708 -9999 -9999 -9999 -9999 -9999 -9999 -9999 -9999 -9999 -9999 -9999 -9999 -9999 -9999 -9999 -9999 -9999 20.1830078125 19.9501383463542 -9999 -9999 -9999 -9999 -9999 -9999 -9999 -9999 -9999 -9999
-9999 -9999 18.5657389322917 18.4117065429688 18.2773173014323 18.1615437825521 18.1066223144531 18.0563293457031 17.9966776529948 17.7939188639323 17.3268473307292 16.9243815104167 16.7794942220052 16.5086405436198 16.1612996419271 15.6506896972656 15.4245035807292 15.8432250976563 16.450077311198 18.0421793619792 19.9235677083333 -9999 -9999 -9999 -9999 -9999 -9999 -9999 -9999 -9999 -9999 -9999 -9999 -9999 -9999 -9999 -9999 -9999 -9999 -9999 -9999 -9999 -9999 -9999 -9999 -9999 -9999 -9999 -9999 -9999
