Raster_environnement/Raster_precipitation_inFall.asc
NCOLS 79 
NROWS 71 
XLLCORNER -10.5 
YLLCORNER 36 
CELLSIZE 0.5 
NODATA_value -9999 
[rows 44 to 65 of 71, columns 0 to 49 of 79]
-9999 -9999 -9999 -9999 -9999 -9999 -9999 -9999 -9999 -9999 -9999 -9999 -9999 -9999 -9999 -9999 -9999 -9999 3.64415441290475 3.54801503126509 3.43506700010039 3.1946744362358 2.73827200289816 2.5439661287237 2.48955500428565 2.4427542288322 2.27423973265104 2.26021303678863 2.26728725829162 2.30578423943371 2.40539273363538 2.49878426548094 2.59240488521755 2.60416836244985 2.48278567451052 2.35800150549039 2.1728096937295 2.05323833506554 2.11208966793492 2.22885005059652 2.36141896457411 2.38938995171338 2.3934580036439 2.33907595393248 2.50376458279788 2.6370232750196 2.77941871318035 2.87465426372364 2.7584720228333 2.62934759957716
-9999 -9999 -9999 -9999 -9999 -9999 -9999 -9999 -9999 -9999 -9999 -9999 -9999 -9999 3.16651207976975 -9999 -9999 -9999 2.98680140404031 2.71255286643282 2.69117566058412 2.63821261469275 2.53415102488361 2.33862474560738 2.20299565116875 2.06999150686897 1.90259780210909 2.03301280271262 2.14716568007134 2.28667795308866 2.42213946185075 2.48753617051989 2.54167928360403 2.58171240566298 2.60717096971348 2.64903480419889 2.73913706769235 2.96649414813146 3.14165276940912 3.3164965454489 3.28346199821681 3.12710733851418 2.95291939401068 2.66276661423035 2.64944907976314 2.73591029690579 2.87608547369018 3.1640256405808 3.26797203160822 3.2868918729946
-9999 -9999 -9999 -9999 -9999 -9999 -9999 -9999 -9999 -9999 -9999 -9999 2.90118309203535 2.70584679383319 2.60774308699183 2.5515354325762 2.40504559187684 2.337328431895 2.2785623325035 2.22306863288395 2.20508756465279 2.192175007076 2.17957347049378 2.08909847424366 2.02786922163796 1.97269945638254 1.95124571328051 2.25767342490144 2.51161198248155 2.79993719304912 3.06224969099276 3.19278154056519 3.30500464187935 3.43695528572425 3.37081148754805 3.28263763803989 3.11581214773469 2.94480859301984 2.87536703981459 2.82784819719382 2.76520138140768 2.75367982685566 2.75739851058461 2.80096161877736 2.88814446539618 2.88170134881511 2.83698190469295 2.67729318584316 2.58325168979354 2.51648920238949
-9999 -9999 -9999 -9999 -9999 -9999 -9999 -9999 -9999 -9999 -9999 -9999 -9999 -9999 2.59211377124302 2.53595035756007 2.23861250560731 2.16145562008023 2.11191097623669 2.10592794755939 2.07759965560399 2.06885327061173 2.07646626513451 2.04737194580957 2.03551757731475 2.03127565328032 2.08524693734944 2.48748362646438 2.81583525356837 3.1805292412173 3.38787059881724 3.34572539431974 3.24686173698865 3.10350201325491 3.00366375013255 2.91633998276666 2.81403796398081 2.74492084281519 2.78656989103183 2.86613877397031 3.04482062347233 3.16637990763411 3.28212676104158 3.43051536474377 3.80151704885066 3.92612786963582 3.97299287142232 3.69014219613746 3.32257447298616 3.02573764929548
-9999 -9999 -9999 -9999 -9999 -9999 -9999 -9999 -9999 -9999 -9999 -9999 -9999 -9999 -9999 -9999 -9999 2.17009707412217 2.10010312730446 2.08962724136654 2.04727631353308 2.03357488790061 2.04347525141202 2.06569554575253 2.09666204173118 2.13575594534632 2.24236235953867 2.7224833262153 3.11180486460216 3.53990234434605 3.64419941324741 3.35727843339555 2.96616814448498 2.47352131409571 2.38519900012761 2.35808432917111 2.43136186036281 2.58511090069078 2.81923060538247 3.10419792076573 3.59972335863858 3.85365039110184 4.06057862564921 4.23379977000877 4.9008182133548 5.19058333011344 5.37737886188552 5.03432013792917 4.37673846026883 3.81737047573552
-9999 -9999 -9999 -9999 -9999 -9999 -9999 -9999 -9999 -9999 -9999 -9999 -9999 -9999 -9999 -9999 -9999 3.21163317421451 2.9787408944685 2.54152555426117 2.4986384465592 2.4650626379298 2.42842767038383 2.39791738567874 2.36263046390377 2.31764164636843 2.18295708764344 2.59888215805404 2.97175918822177 3.44106990960427 3.47054455778562 2.9336808831431 2.28777923039161 2.44756554602645 3.25901670148596 4.0071920841001 4.96423045406118 5.06284647854045 5.09072280256078 5.10964442510158 5.66208644304425 5.83876145537943 5.79040321754292 5.15638799406588 4.66781618306413 4.29342265706509 3.90364760532975 3.28891924582422 2.95023074140772 2.67793838283978
-9999 -9999 -9999 -9999 -9999 -9999 -9999 -9999 -9999 -9999 -9999 -9999 -9999 -9999 -9999 -9999 -9999 -9999 -9999 2.29800507368054 2.32679196051322 2.41736992320511 2.60310967569239 2.82214184990153 2.90376880438998 2.9597342479974 2.93266897788271 3.32483622478321 3.54385692626238 3.61987858777866 3.14203351736069 2.63226539245807 2.14116465649568 2.7464080019854 3.80638745846227 4.47914362885058 4.73437970504165 4.00956636294723 3.45475603826344 2.91088079684414 3.5579836810939 3.96617325022817 4.18589824112132 4.02138411300257 3.45562429865822 2.98246240708977 2.469302440295 2.33755657682195 2.49583016848192 2.67112934379838
-9999 -9999 -9999 -9999 -9999 -9999 -9999 -9999 -9999 -9999 -9999 -9999 -9999 -9999 -9999 -9999 -9999 -9999 -9999 2.19054236949887 2.27220075612422 2.41815999615937 2.68219450372271 2.96041574911214 3.10268834000453 3.23458816856146 3.43306702561677 3.97906618891284 4.14521793136373 3.86736779473722 3.00284991972148 2.52157806535251 2.16226525953971 3.19514418952167 4.16173111880198 4.58772856509313 4.20803013257682 2.98034922452644 2.21673725754954 1.53094332490582 2.25321786710992 2.66192742856219 2.93711652047932 2.98888483084738 2.54723234684207 2.22751350374892 1.9043737964239 2.36206410918385 2.85086993244477 3.29599095275626
-9999 -9999 -9999 -9999 -9999 -9999 -9999 -9999 -9999 -9999 -9999 -9999 -9999 -9999 -9999 -9999 -9999 -9999 -9999 -9999 2.42501311877277 2.51435092650354 2.60645803646185 2.59501731488854 2.71262678434141 2.90274123544805 3.6511147976853 4.76269901264459 5.05219475599006 4.35169836273417 3.17748571978882 2.73921894840896 2.52096503390931 4.12305167410523 4.28718861658126 4.02857337612659 2.88297916995361 1.57347875938285 1.24806425592396 1.18711319082649 1.9773701147642 1.93383440491743 1.87043562764302 1.7312010837486 1.85962595860474 -9999 -9999 -9999 4.93977593723685 -9999
-9999 -9999 -9999 -9999 -9999 -9999 -9999 -9999 -9999 -9999 -9999 -9999 -9999 -9999 -9999 -9999 -9999 -9999 -9999 2.46710255742073 2.95294370152988 3.22650267044082 3.38856399175711 3.07626271387562 3.02994918893091 3.08967407327145 3.89442552113906 4.85118676442653 4.90044039906934 3.74478738522157 2.59596336982213 2.44963750010356 2.60453428491019 4.73167402669787 4.79582712287083 4.52591066714376 3.52662142831832 2.90834343759343 3.38924324023537 4.25342306261882 6.10061053885147 5.28057542396709 4.4735089992173 3.36954267695546 3.27223302447237 3.73888181056827 -9999 -9999 -9999 -9999
-9999 -9999 -9999 -9999 -9999 -9999 -9999 -9999 -9999 -9999 -9999 -9999 -9999 -9999 -9999 -9999 -9999 -9999 2.87096135434695 2.27258142549545 2.58013016427867 2.70731407217681 2.70099018816836 2.40122593240812 2.40755500271916 2.5209539278876 3.31714158528484 4.08728326437995 4.07749550649896 3.01058604964055 2.07897819054779 2.05063892353792 2.28248328203335 3.95107325166464 4.14532165741548 4.01502675376832 3.23343277559616 2.74294732371345 -9999 -9999 5.04396739415824 4.5547794084996 4.10092428792268 3.55062196031213 3.5207586013712 3.74163275118917 -9999 -9999 -9999 -9999
-9999 -9999 -9999 -9999 -9999 3.04100690991618 -9999 -9999 -9999 -9999 -9999 -9999 -9999 -9999 -9999 -9999 -9999 -9999 2.74856131291017 1.98835960181896 1.94848518585786 1.82021409273148 1.55628849752247 1.35654228361091 1.47616876638494 1.69328190386295 2.44442290859297 2.99526806920767 2.97634330345318 2.1802678325912 1.55087178427493 1.59571605327073 1.81689509481657 2.68626564648002 3.08284575585276 3.14666582853533 -9999 -9999 -9999 -9999 -9999 -9999 2.82535279984586 3.30431627808139 3.43341414118186 3.30076507525519 3.04249736946076 3.01406302023679 -9999 -9999
-9999 -9999 -9999 3.36018286761828 3.12630037078634 3.35508148418739 3.69246335467324 3.96924369852059 4.27852675784379 4.76081633241847 4.86457297811285 4.83165095793083 4.22519197454676 3.39357259799726 2.96258304733783 2.69600138417445 2.67938997130841 2.87154106772505 3.11788022518158 3.64318593638018 3.79619674058631 3.59410989331082 2.96247193473391 2.50113764195703 2.25382361677475 2.03358586295508 1.82970240712166 1.89663509954698 -9999 -9999 -9999 -9999 1.81888587540016 1.66174496698659 -9999 -9999 -9999 -9999 -9999 -9999 -9999 -9999 2.3638402344659 2.2816916112788 2.4618832510896 2.61610057787038 2.78502709697932 4.00964431464672 3.98677492048591 -9999
-9999 -9999 -9999 3.40199882048182 3.21117625571787 3.56737282709219 3.62506148521788 3.55780048412271 3.40642016963102 3.16379927680828 3.02092565107159 2.86248064949177 2.55722635192797 2.34991406905465 2.25017607444897 2.19949191086926 2.06230137264356 2.0982391491998 2.20381042454392 2.69962786696851 3.31053491681814 3.64560935413465 3.82829932495952 4.12640977883711 3.86540045728907 3.45943031134084 2.40746515919454 -9999 -9999 -9999 -9999 -9999 -9999 -9999 -9999 -9999 -9999 -9999 -9999 -9999 -9999 -9999 -9999 2.45416807592846 2.23739534849301 2.47392720775679 2.9291158367414 4.34783053351566 4.44354600040242 -9999
-9999 -9999 -9999 -9999 3.26227660698351 3.61707520787604 3.36242015473545 3.02597724075895 2.56519565591589 1.9228022225434 1.67664139007684 1.49146530748112 1.44629498245195 1.70297636068426 1.84308560856152 1.93987044913229 1.64824551902711 1.50745442952029 1.43806557753123 1.76095628994517 2.47228220687248 3.01780753070489 3.59851479297504 4.30224062874913 4.11581473890692 3.71814110549167 2.45291985338554 -9999 -9999 -9999 -9999 -9999 -9999 -9999 -9999 -9999 -9999 -9999 3.805384458974 4.40337070031092 -9999 -9999 -9999 -9999 2.18752897053491 2.36959137255326 2.83422184875235 4.29192282026634 4.47521555470303 4.37535376986489
-9999 -9999 -9999 3.54258769657463 3.25449566007592 3.30551394727081 2.53817300254013 2.00122914975509 1.46280362532707 1.02398041344713 0.969454810547177 0.978433138516266 1.20011320832418 1.72911459230818 1.9899921346223 2.13237654534169 1.54575936030596 1.11009949177969 0.71626520875725 0.4615696016117 0.475507819282939 0.549393899564166 0.710449104371946 1.15153561346233 1.27611353527755 1.3446636730805 1.26912195410114 -9999 -9999 -9999 -9999 -9999 -9999 -9999 -9999 -9999 -9999 -9999 2.23068414197769 2.31659857090563 -9999 -9999 -9999 -9999 -9999 -9999 2.14173310669139 3.29042966477573 3.52336673531681 3.49585502408445
-9999 -9999 -9999 -9999 3.2112731190864 3.39174455730245 2.62015757616609 2.22111517796293 1.93083111662418 2.15566919941921 2.39421897567809 2.56128549808636 2.430342201842 2.20819837704767 2.07370783318765 1.96284831035882 1.79508774017449 1.77152152173221 1.77698767511174 1.89301317441277 1.76866837427951 1.50812503416091 1.01539348106598 0.957350687531289 1.0347537783673 -9999 -9999 -9999 -9999 -9999 -9999 -9999 -9999 -9999 -9999 -9999 -9999 -9999 -9999 1.61064348940272 -9999 -9999 -9999 -9999 -9999 -9999 -9999 1.94398051535245 1.90775133669376 1.88253134256229
-9999 -9999 -9999 -9999 3.11269308440387 3.44537925557233 2.77982408297248 2.48021751176566 2.30932758422568 2.66867197933607 2.86486624390818 2.92602228582837 2.3958103323821 1.9041521998588 1.66931440180633 1.55259176390246 1.78302440035623 2.1205430792179 2.4792468349915 2.96769941342063 2.598825894529 2.21008773660287 1.65826556039974 -9999 -9999 -9999 -9999 -9999 -9999 -9999 -9999 -9999 -9999 -9999 -9999 -9999 -9999 1.83706420648377 1.79801978229079 1.7373175942339 -9999 -9999 -9999 -9999 -9999 -9999 -9999 -9999 -9999 -9999
-9999 -9999 -9999 2.9470439418219 2.98259353148751 3.49411693168804 2.98633065540344 2.7848026715219 2.70265425788239 3.02694616257213 3.05768956895918 2.9071752098389 1.91245332243852 1.28761734376894 1.04386495950166 1.00752387588727 1.6775984200649 2.40244392771274 3.14140581758693 4.04844571603462 3.3677808009088 2.90766266989522 -9999 -9999 -9999 -9999 -9999 -9999 -9999 -9999 -9999 -9999 -9999 -9999 -9999 -9999 -9999 -9999 2.06071635475382 2.17218199395575 -9999 -9999 -9999 -9999 -9999 -9999 -9999 -9999 -9999 -9999
-9999 -9999 -9999 2.92188209714368 2.74630322819576 2.48450003564358 2.12502092763316 1.83324994286522 1.50930291420082 1.41395944665419 1.50170663109748 1.55645658087451 1.42298885184573 1.27976839867188 1.2018418579828 1.14835113199661 1.25977103743935 1.38469789526425 1.49765632522758 1.53407902107574 1.17481750203297 -9999 -9999 -9999 -9999 -9999 -9999 -9999 -9999 -9999 -9999 -9999 -9999 -9999 -9999 -9999 -9999 -9999 1.33606182353105 1.41194536699913 -9999 -9999 -9999 -9999 -9999 -9999 -9999 -9999 -9999 -9999
-9999 -9999 2.46587673027534 2.31045183318201 2.16866133268923 2.00898463663179 1.86846506840084 1.78569526760839 1.71483012672979 1.78051082475577 1.88130383903626 1.92768730048556 1.71713292365894 1.5011512383353 1.40553605306195 1.36971481115324 1.51791399694048 1.60788427165244 1.67137181852013 1.59619822225068 1.40430775063578 -9999 -9999 -9999 -9999 -9999 -9999 -9999 -9999 -9999 -9999 -9999 -9999 -9999 -9999 -9999 -9999 -9999 1.2892883940367 1.29110024718102 -9999 -9999 -9999 -9999 -9999 -9999 -9999 -9999 -9999 -9999
-9999 -9999 2.08064288890455 1.90794288937468 1.7718484159559 1.69105876120739 1.75619908841327 1.85350711690262 1.99142232304439 2.14433828077745 2.13746066729072 2.07018413348123 1.7319548787782 1.5136768008233 1.46113876980962 1.51522377273068 1.73360100598074 1.78020145394839 1.78286566806491 1.58965965674724 1.58012309402693 -9999 -9999 -9999 -9999 -9999 -9999 -9999 -9999 -9999 -9999 -9999 -9999 -9999 -9999 -9999 -9999 -9999 -9999 -9999 -9999 -9999 -9999 -9999 -9999 -9999 -9999 -9999 -9999 -9999
