Raster_environnement/Raster_croplands_all_categories.asc
NCOLS 79 
NROWS 71 
XLLCORNER -10.5 
YLLCORNER 36 
CELLSIZE 0.5 
NODATA_value -9999 
[rows 42 to 62 of 71, columns 0 to 48 of 79]
-9999 -9999 -9999 -9999 -9999 -9999 -9999 -9999 -9999 -9999 0.160085860796116 0.1643054902864 -9999 -9999 -9999 -9999 -9999 -9999 -9999 -9999 -9999 -9999 -9999 -9999 0.550640307366848 0.631281974841841 0.600939491880126 0.520460290135816 0.344105693657184 0.293826869135955 0.251377166307066 0.225265665940242 0.0571161373791256 0.104026334920491 0.169137376360595 0.246896296739578 0.180982049088925 0.226683048997074 0.24144543876173 0.204822266823612 0.239326293347403 0.401746591087431 0.28668393130647 0.247554062050767 0.257809599163011 0.297786617506063 0.170909061067505 0.415597452258226 0.563479111297056
-9999 -9999 -9999 -9999 -9999 -9999 -9999 -9999 -9999 -9999 -9999 -9999 -9999 -9999 -9999 -9999 -9999 -9999 -9999 -9999 -9999 -9999 0.380197846796364 0.440106967755128 0.570905823376961 0.739435250638053 0.72619953379035 0.605262324796058 0.597377943224274 0.410090637946269 0.205598861597537 0.177392073674127 0.141490645706654 0.262886684853584 0.186653738783207 0.201583717716858 0.283167233108543 0.373654831200838 0.195113189518452 0.198543146572774 0.424846788635477 0.520240208134055 0.369582609040663 0.307972864306066 0.262520341668278 0.250682682381012 0.332204918435309 0.442825903301127 0.342459934414364
-9999 -9999 -9999 -9999 -9999 -9999 -9999 -9999 -9999 -9999 -9999 -9999 -9999 -9999 -9999 -9999 -9999 -9999 0.382078433292918 0.289353470259812 0.271909472052357 0.329259416568675 0.4680990302586 0.433625396632124 0.576857008913066 0.537426507187774 0.53421830321895 0.563235979760066 0.574289142386988 0.6380841860082 0.496051156311296 0.346534185344353 0.435693688283209 0.344261287245899 0.252453376771882 0.206708359444747 0.0791356427507708 0.231644960935228 0.267296519479714 0.325095072155818 0.34795523644425 0.389832558692433 0.380087494733743 0.273392177696223 0.341045681154355 0.280272224335931 0.234356225817464 0.215409980984987 0.376322087657172
-9999 -9999 -9999 -9999 -9999 -9999 -9999 -9999 -9999 -9999 -9999 -9999 -9999 -9999 0.379172832064796 -9999 -9999 -9999 0.388930991874076 0.350103077624226 0.389176932541886 0.398285967006814 0.50270791654475 0.667336179292761 0.492973731219536 0.192478865283192 0.438903750473401 0.653690497856587 0.636254629353061 0.723751075100154 0.546994263539091 0.393204508494819 0.363042659533676 0.390059256460518 0.355093057485647 0.220466170241707 0.363794951932505 0.16267707690713 0.248169851023704 0.226472700713202 0.235555734019727 0.329410897218622 0.420282291481271 0.382517982390709 0.402337720151991 0.473236579215154 0.442726630601101 0.236414069426246 0.13243797692121
-9999 -9999 -9999 -9999 -9999 -9999 -9999 -9999 -9999 -9999 -9999 -9999 0.427904945041519 0.520830816763919 0.501461621955968 0.595987292006612 0.607660544104874 0.595851899008267 0.572058092686348 0.581058108713478 0.509577183518559 0.465633235871792 0.503559042117558 0.734787353780121 0.759231444448233 0.61069801740814 0.512298115296289 0.566366816405207 0.614737897645682 0.567684362875298 0.445063033374026 0.359376528882422 0.257917084178189 0.243078346989932 0.117725623058504 0.168823804124258 0.307839863467962 0.0741207385144662 0.254241821472533 0.250163505435921 0.343098899931647 0.334899578127079 0.321774507465307 0.360770482046064 0.357370806857944 0.399366890254896 0.35643902735319 0.328097646590322 0.33084682864137
-9999 -9999 -9999 -9999 -9999 -9999 -9999 -9999 -9999 -9999 -9999 -9999 -9999 -9999 0.307646308807307 0.463977689796593 0.525664845015854 0.582667054375634 0.577128089498729 0.60943593038246 0.486191217321903 0.401976814959198 0.54221315542236 0.54538970743306 0.384539929742459 0.357678188360296 0.508631981443614 0.496307822177187 0.508586316136643 0.463632008293644 0.346684842836112 0.358037272002548 0.291759236017242 0.202370509621687 0.109089508157922 0.324192654690705 0.220899302861653 0.166672132094391 0.241218292037956 0.201508052588906 0.187840200203937 0.169179178585182 0.177831057531876 0.118664573994465 0.0993021686736029 0.105467939560185 0.0941407125355909 0.0895063334464794 0.0817442909174133
-9999 -9999 -9999 -9999 -9999 -9999 -9999 -9999 -9999 -9999 -9999 -9999 -9999 -9999 -9999 -9999 -9999 0.463462370447814 0.552826201543212 0.552486882079393 0.588139153085649 0.440937577630393 0.538292878540233 0.512781849247403 0.468210421677213 0.342879910604097 0.522550612920895 0.28375413059257 0.272934811306186 0.249235515540931 0.348759019281715 0.425581839401275 0.234132940880954 0.138039417070104 0.124111148936208 0.192236493137898 0.176799690088956 0.166962798510212 0.100874882773496 0.107180917417281 0.116531007224694 0.114977537072264 0.0815615281462669 0.0874162978725508 0.0855344418378081 0.082727316301316 0.0815761229023337 0.0651477907085791 0.0828193905326771
-9999 -9999 -9999 -9999 -9999 -9999 -9999 -9999 -9999 -9999 -9999 -9999 -9999 -9999 -9999 -9999 -9999 0.544675627257675 0.625827185809612 0.590954231563956 0.61050898488611 0.649892504326999 0.607727523427457 0.491065606940538 0.577089855330996 0.513587712310255 0.418692807550542 0.310518642887473 0.288815095438622 0.211446587112732 0.261834210716188 0.273021618719213 0.167853522230871 0.124042568437289 0.246827397961169 0.180229784804396 0.0799984360928647 0.0325882504912443 0.030524668211001 0.0372596926399295 0.0337592995238083 0.0374240790733893 0.0368540051604214 0.0170539308073785 0.0110192485226435 0.0344440064000082 0.0537030760024209 0.070255805447232 0.0833162975613959
-9999 -9999 -9999 -9999 -9999 -9999 -9999 -9999 -9999 -9999 -9999 -9999 -9999 -9999 -9999 -9999 -9999 -9999 -9999 0.64754144102335 0.628571493551135 0.657794152386487 0.541662550764158 0.365778068633517 0.252552083271439 0.285714388286578 0.300791597634088 0.38492155529093 0.30035404645605 0.218424847582355 0.305732164648362 0.30758568434976 0.114739709897549 0.167894736281596 0.0646721655211877 0.0660510049492586 0.0384682977492048 0.0149725149822189 0.0447214571540826 0.0174762679453124 0.0168199531981372 0.011889706911461 0.012935821301653 0.0434479955874849 0.0206996495671774 0.0410451191855827 0.174651943325443 0.21826431142108 0.00655102957534837
-9999 -9999 -9999 -9999 -9999 -9999 -9999 -9999 -9999 -9999 -9999 -9999 -9999 -9999 -9999 -9999 -9999 -9999 -9999 0.568646770436317 0.639358999673277 0.519964781124145 0.314839072991163 0.277277993562166 0.125473294647236 0.103279818184092 0.177218160912162 0.273723944730591 0.106215536827222 0.237164974678308 0.265515673905611 0.31066397856921 0.135755559749668 0.0476594718929846 0.0351293336134404 0.0177696641476359 0.0193536786609911 0.117864209256368 0.166834118717816 0.107664465205744 0.199625701527111 0.0940364705456886 0.0753516787081026 0.104316491750069 0.376881722360849 0.545759035274386 0.587343152612448 0.35635521588847 0.0998504751478322
-9999 -9999 -9999 -9999 -9999 -9999 -9999 -9999 -9999 -9999 -9999 -9999 -9999 -9999 -9999 -9999 -9999 -9999 -9999 -9999 0.428335029166192 0.364312782650813 0.207014914369211 0.195426888240036 0.109552603098564 0.0877149293373805 0.153633413428906 0.19024656622787 0.156574905515299 0.14319469279144 0.198092754930258 0.242985956603661 0.117907982552424 0.0657734369160607 0.0189369924482889 0.0329376948066056 0.298567462712526 0.611863803118467 0.644433863461018 0.583578003570437 0.637199775315821 0.686861345544457 0.557650185190141 0.611140672117472 0.598068661987782 -9999 -9999 -9999 0.175823287572712
-9999 -9999 -9999 -9999 -9999 -9999 -9999 -9999 -9999 -9999 -9999 -9999 -9999 -9999 -9999 -9999 -9999 -9999 -9999 0.137770280940458 0.280151505488902 0.382719401270151 0.32110872794874 0.183064817800187 0.208540508523583 0.193835728103295 0.233349938993342 0.137189628789201 0.119797594059492 0.0735290330776479 0.167336234415416 0.160717641119845 0.118263256386854 0.0378770921597607 0.0531766184722073 0.16706637225434 0.57870527356863 0.417906543239951 0.416902334662154 0.19458668801235 0.292162491939962 0.522179653868079 0.586750464513898 0.678107995539904 0.690426647663116 0.355031475890428 -9999 -9999 -9999
-9999 -9999 -9999 -9999 -9999 -9999 -9999 -9999 -9999 -9999 -9999 -9999 -9999 -9999 -9999 -9999 -9999 -9999 0.0469219317456009 0.142482528463006 0.117402435746044 0.420354063855484 0.554536601528525 0.428382489830256 0.303227327996865 0.421273827552795 0.373332357732579 0.199889968265779 0.0584528230829164 0.16003505687695 0.276963890763 0.259689346654341 0.12229731795378 0.0859951207530685 0.03917339558393 0.0478256947244518 0.139015858192579 0.0266447535250336 -9999 -9999 0.0268286939008249 0.0376265500090085 0.162927425524686 0.213169009657577 0.45510970056057 0.466598115395755 -9999 -9999 -9999
-9999 -9999 -9999 -9999 -9999 0.0255186684908573 -9999 -9999 -9999 -9999 -9999 -9999 -9999 -9999 -9999 -9999 -9999 -9999 0.151862801867537 0.334660365711898 0.474245653953403 0.661657104734331 0.710470462217927 0.514281724579632 0.575084716547281 0.428778023226187 0.201826848031487 0.19650642236229 0.216714653419331 0.253155804472044 0.229035331401974 0.244885822059587 0.156344290357083 0.101032300502993 0.0427854882727843 0.00360167632743469 -9999 -9999 -9999 -9999 -9999 -9999 0.404102494008839 0.310897434130311 0.131858190929051 0.266723908251151 0.535901341121644 0.396719832594196 -9999
-9999 -9999 -9999 0.0579467305797152 0.0684980099031236 0.114479745388962 0.0904639727668837 0.0163487497920869 0.0329358818999026 0.0320849560957868 0.0411393671238329 0.0215892961714417 0.00796108030772302 0.0515811920486158 0.0819577117872541 0.0164204296361277 0.0133456659023068 0.0839886276517063 0.24412261066027 0.256815469823778 0.283057163469493 0.34374935622327 0.450161298969761 0.417696373071522 0.430834527593106 0.294822137570009 0.293340738397092 0.200321201467887 -9999 -9999 -9999 -9999 0.0865021137869917 0.0615735682076775 -9999 -9999 -9999 -9999 -9999 -9999 -9999 -9999 0.262493451475166 0.317042325041257 0.493707982357591 0.345913043245673 0.338527300860733 0.537753383163363 0.35750163695775
-9999 -9999 -9999 0.0682900953688659 0.0965493741095997 0.140525428345427 0.0897691090212902 0.0684114692558069 0.0915095511300024 0.190876427921467 0.197884394438006 0.3094460752327 0.343728582491167 0.254953395342454 0.365237296675332 0.309495792258531 0.255794725962915 0.341558997286484 0.215552003181074 0.178355623967946 0.143162515974836 0.138497518957593 0.137008650111966 0.0959398658887949 0.0796403933200054 0.082338981621433 0.151294663723093 -9999 -9999 -9999 -9999 -9999 -9999 -9999 -9999 -9999 -9999 -9999 -9999 -9999 -9999 -9999 -9999 0.444827023427933 0.383706409251317 0.467523325700313 0.309761460870504 0.0662771342791562 0.447972347028553
-9999 -9999 -9999 -9999 0.0557129227963742 0.0910004236211535 0.0445246390343679 0.0624027315134299 0.154064599424601 0.396953456802294 0.521410200977698 0.671771099325269 0.63171850098297 0.520864186808467 0.229673459834885 0.21537969338533 0.265133156382944 0.431793664582074 0.459525782614946 0.353576800320297 0.336696781218052 0.262582411058247 0.259955913526937 0.182827800395899 0.145493633113801 0.107588085578755 0.129754611072713 -9999 -9999 -9999 -9999 -9999 -9999 -9999 -9999 -9999 -9999 -9999 0.00811643360793823 0.0392895602853969 -9999 -9999 -9999 -9999 0.365013651928166 0.495073494501412 0.384048406034708 0.138798511121422 0.21644443506375
-9999 -9999 -9999 0.0951042067208618 0.0860827341080421 0.0870364756410709 0.211696503072744 0.183465464564506 0.235935217584483 0.516156209167093 0.693282383494079 0.653216685634106 0.667374237440526 0.498086695792153 0.311580936890095 0.175941323919687 0.406164300395176 0.307673744857311 0.515862714499235 0.461023511365056 0.470058140810579 0.468419793061912 0.390996327623725 0.395344552118331 0.227396645583212 0.151790595031343 0.0971630807551076 -9999 -9999 -9999 -9999 -9999 -9999 -9999 -9999 -9999 -9999 -9999 0.00629188381023482 0.00915206101490185 -9999 -9999 -9999 -9999 -9999 -9999 0.39423427823931 0.315087474649772 0.188006860887981
-9999 -9999 -9999 -9999 0.191580416169018 0.155607584951213 0.193952276546042 0.214125920843799 0.275182076031342 0.446502874838188 0.601693489588797 0.566515322308987 0.417516749119386 0.325709303608164 0.204045789083466 0.323663357296027 0.368207228370011 0.335830746451393 0.379276242572814 0.451998074073344 0.448320291470736 0.340492021758109 0.30256659234874 0.239683503983542 0.119372977499822 -9999 -9999 -9999 -9999 -9999 -9999 -9999 -9999 -9999 -9999 -9999 -9999 -9999 -9999 0.0362300262095232 -9999 -9999 -9999 -9999 -9999 -9999 -9999 0.159591439645737 0.250704065383616
-9999 -9999 -9999 -9999 0.0808719407359604 0.134866969572613 0.1902603811468 0.209269001614302 0.234416051534936 0.307866505812854 0.332202008925378 0.315107539994642 0.287658134649973 0.192034442326985 0.38781483261846 0.35819473315496 0.123420682095457 0.269364010484423 0.370735214091837 0.251111401710659 0.250723087228835 0.253559608594514 0.170558080077171 -9999 -9999 -9999 -9999 -9999 -9999 -9999 -9999 -9999 -9999 -9999 -9999 -9999 -9999 0.152178709540749 0.355286936508492 0.173758940887637 -9999 -9999 -9999 -9999 -9999 -9999 -9999 -9999 -9999
-9999 -9999 -9999 0.138783521579171 0.0957837941241451 0.0664927442105494 0.191091357322875 0.118793796456885 0.0933038775110617 0.134298681630753 0.176621753547806 0.258429479436018 0.438266944140196 0.34169624443166 0.396124220453203 0.496924832230434 0.386567368521355 0.101157015931676 0.234008418396115 0.180775263579562 0.179006996419048 0.147418364825668 -9999 -9999 -9999 -9999 -9999 -9999 -9999 -9999 -9999 -9999 -9999 -9999 -9999 -9999 -9999 -9999 0.393654788145795 0.245004293741658 -9999 -9999 -9999 -9999 -9999 -9999 -9999 -9999 -9999
