Raster_environnement/Raster_relative_humidity_inFall.asc
NCOLS 79 
NROWS 71 
XLLCORNER -10.5 
YLLCORNER 36 
CELLSIZE 0.5 
NODATA_value -9999 
[rows 44 to 65 of 71, columns 0 to 49 of 79]
-9999 -9999 -9999 -9999 -9999 -9999 -9999 -9999 -9999 -9999 -9999 -9999 -9999 -9999 -9999 -9999 -9999 -9999 77.298215230306 77.8476816813151 78.1255238850911 78.6594365437825 79.64613087972 80.6735967000325 81.126703898112 81.4475072224935 81.126345316569 81.3036371866862 81.6843872070312 82.4976603190104 83.7121073404948 84.4603525797526 85.1283009847005 85.2247136433919 84.8927790323893 84.5135320027669 83.8829396565755 82.8875350952148 83.162836710612 83.8369216918945 84.70033009847 85.2240422566732 85.6335957845052 85.9232940673828 86.6855621337891 87.0975519816081 87.4371515909831 87.4955774943034 86.8899510701497 86.2841466267904
-9999 -9999 -9999 -9999 -9999 -9999 -9999 -9999 -9999 -9999 -9999 -9999 -9999 -9999 77.5701115926107 -9999 -9999 -9999 79.5694198608398 81.7131042480469 82.525868733724 82.5488789876302 81.7906138102214 80.8935317993164 80.3366978963216 79.7568842569987 78.525769551595 79.316416422526 80.1093546549479 81.2340647379557 82.5796356201172 83.1957422892253 83.6941375732422 84.1120834350586 84.3136952718099 84.5981699625651 85.1580073038737 86.7568359375 87.5100351969401 88.0876083374023 88.0966364542643 87.7462005615234 87.2926864624023 86.3948008219401 86.0551172892253 86.3088506062825 86.8397496541341 88.0463409423828 88.6817398071289 88.9212341308594
-9999 -9999 -9999 -9999 -9999 -9999 -9999 -9999 -9999 -9999 -9999 -9999 79.098887125651 78.9974924723307 78.7638575236003 78.3605575561523 78.3768030802409 78.8446858723958 79.3920974731445 80.2811228434245 80.3970108032227 80.1339899698893 79.3951568603516 78.2595011393229 77.8023986816406 77.4789174397786 77.651730855306 79.2566045125325 80.5824279785156 82.0810216267904 83.7046051025391 84.6419423421224 85.5030873616536 86.5303624471029 86.5570398966471 86.5767440795898 86.5922266642253 87.391352335612 87.4617716471354 87.3264134724935 87.0388819376628 86.6998291015625 86.2322667439779 85.25062306722 85.0717697143555 84.9480514526367 84.8261693318685 84.5300750732422 84.2886734008789 84.3642044067383
-9999 -9999 -9999 -9999 -9999 -9999 -9999 -9999 -9999 -9999 -9999 -9999 -9999 -9999 77.9808629353841 77.8019002278646 77.4180526733398 77.6702295939128 78.0092951456706 78.5924580891927 78.5405985514323 78.2954330444336 77.7666295369466 77.0406824747721 76.8822530110677 76.8750966389974 77.6609319051107 79.8150889078776 81.4503402709961 83.0627619425456 84.2439295450846 84.6074396769206 84.812016805013 84.7942759195964 84.4600448608398 84.2508951822917 84.1801579793294 84.8932902018229 85.3891321818034 85.8730672200521 86.3315505981445 86.5605392456055 86.6242421468099 86.2982864379883 86.8341649373372 87.0333633422852 87.1310221354167 87.0554809570312 86.5779139200846 86.3391672770182
-9999 -9999 -9999 -9999 -9999 -9999 -9999 -9999 -9999 -9999 -9999 -9999 -9999 -9999 -9999 -9999 -9999 76.0182952880859 76.2509180704753 76.7288233439128 76.6474482218425 76.5103251139323 76.2669296264648 76.1457875569661 76.3508377075195 76.687006632487 77.8912811279297 80.5149002075195 82.3952051798503 84.0512822469075 84.5955657958984 84.1170654296875 83.3618494669596 81.9339777628581 81.2686360677083 80.9176508585612 80.990353902181 81.7971954345703 83.0020294189453 84.446662902832 85.8984222412109 86.8181559244792 87.5254669189453 87.9873453776042 89.3201319376628 89.9784240722656 90.4753774007161 90.987065633138 90.4038340250651 89.7889887491862
-9999 -9999 -9999 -9999 -9999 -9999 -9999 -9999 -9999 -9999 -9999 -9999 -9999 -9999 -9999 -9999 -9999 75.3675689697266 75.21959177653 75.3033625284831 75.7256647745768 76.0598907470703 76.4291865030925 77.0114822387695 77.3931198120117 77.7585194905599 78.1746444702148 79.7824503580729 81.0432815551758 82.3582433064779 82.723627726237 81.314826965332 79.5638097127279 79.9992828369141 81.7425689697266 83.7858047485352 87.2657725016276 88.4241409301758 89.733278910319 91.2083358764648 91.8702952067057 91.9395751953125 91.6225789388021 90.2047500610352 89.4396667480469 88.9230753580729 88.4214299519857 87.4954198201497 86.5396677652995 85.5264943440755
-9999 -9999 -9999 -9999 -9999 -9999 -9999 -9999 -9999 -9999 -9999 -9999 -9999 -9999 -9999 -9999 -9999 -9999 -9999 72.81285349528 73.8995107014974 75.1543629964193 77.0397288004557 78.805669148763 79.5492986043294 80.1384582519531 80.4737294514974 81.6800816853841 82.1090189615885 81.6660868326823 80.3898111979167 78.9816436767578 77.6751530965169 80.5414225260417 82.9095738728841 84.4118779500325 84.9797159830729 83.3212153116862 81.7443923950195 80.1098327636719 83.5473658243815 84.6118036905925 85.175422668457 84.7096964518229 82.5687713623047 80.3307952880859 77.6908798217773 79.5646616617839 80.9373270670573 82.1989288330078
-9999 -9999 -9999 -9999 -9999 -9999 -9999 -9999 -9999 -9999 -9999 -9999 -9999 -9999 -9999 -9999 -9999 -9999 -9999 71.4210866292318 72.8837305704753 74.5707524617513 77.1036936442057 79.4501190185547 80.5176239013672 81.4275538126628 82.3751220703125 83.536122639974 83.3560791015625 81.2907180786133 78.8791224161784 77.4584986368815 76.4682464599609 81.5113703409831 82.9530258178711 82.9832483927409 80.4401117960612 76.5660934448242 73.7701314290365 71.1237030029297 76.3674799601237 77.8596064249675 78.8369827270508 78.9189147949219 76.4472351074219 73.6960016886393 70.3869374593099 73.68275197347 76.6553268432617 79.5706253051758
-9999 -9999 -9999 -9999 -9999 -9999 -9999 -9999 -9999 -9999 -9999 -9999 -9999 -9999 -9999 -9999 -9999 -9999 -9999 -9999 73.0378061930339 74.3775329589844 76.1222305297852 78.1059443155925 79.556261698405 81.1096216837565 84.281494140625 86.0767339070638 85.4734573364258 81.3816401163737 78.3590189615885 76.8951136271159 76.1000671386719 83.7206395467122 80.8111343383789 76.9356409708659 69.6074371337891 63.7826245625814 62.5329322814941 62.5706316630046 68.465389251709 69.4489479064941 70.0953674316406 70.1578788757324 69.2683296203613 -9999 -9999 -9999 73.1949793497721 -9999
-9999 -9999 -9999 -9999 -9999 -9999 -9999 -9999 -9999 -9999 -9999 -9999 -9999 -9999 -9999 -9999 -9999 -9999 -9999 72.1856587727865 74.7638956705729 76.2154642740885 77.0751520792643 78.3600692749023 79.5991032918294 81.0683720906575 84.8240356445312 85.4743321736654 83.7713572184245 78.1850891113281 75.0562947591146 74.1774291992188 74.1948318481445 83.5520528157552 81.235725402832 78.9128036499023 75.5693028767904 73.5436731974284 75.0688120524089 77.7983042399089 81.7904230753581 80.17919921875 78.3389714558919 75.1714884440104 72.2438379923503 70.5260111490885 -9999 -9999 -9999 -9999
-9999 -9999 -9999 -9999 -9999 -9999 -9999 -9999 -9999 -9999 -9999 -9999 -9999 -9999 -9999 -9999 -9999 -9999 71.7630284627279 72.3022130330404 73.6432698567708 73.8862584431966 73.1206970214844 74.3336219787598 75.970105489095 77.8826370239258 81.7652282714844 81.9994990030925 80.0060958862305 74.178601582845 71.0228703816732 70.5518595377604 70.9497604370117 77.926628112793 77.8149820963542 77.1808166503906 75.3137995402018 73.6084849039714 -9999 -9999 78.9578425089518 78.7263514200846 78.3135375976562 77.2761891682943 75.845583597819 74.1409581502279 -9999 -9999 -9999 -9999
-9999 -9999 -9999 -9999 -9999 77.6782811482747 -9999 -9999 -9999 -9999 -9999 -9999 -9999 -9999 -9999 -9999 -9999 -9999 71.8803100585938 72.4039052327474 71.7237854003906 70.2778193155925 67.5332717895508 68.7997805277507 70.9908154805501 73.481808980306 77.3070780436198 77.3102060953776 75.2766342163086 69.6501770019531 66.5135320027669 66.3982747395833 67.0326728820801 70.1648432413737 72.8857701619466 74.12095896403 -9999 -9999 -9999 -9999 -9999 -9999 75.7724533081055 78.602414449056 79.8332036336263 78.3740234375 75.6082814534505 70.031972249349 -9999 -9999
-9999 -9999 -9999 79.7438303629557 80.4472020467122 82.2200546264648 83.1070022583008 83.6038284301758 84.0054677327474 84.1166712443034 83.7325897216797 83.1351496378581 81.4566218058268 78.4262339274089 76.8546447753906 75.8810094197591 75.9340387980143 76.5913619995117 77.3555119832357 78.5841166178385 78.3852793375651 76.9253463745117 73.6664428710938 72.0584729512533 71.3409665425618 70.8172238667806 71.1693852742513 71.5155639648438 -9999 -9999 -9999 -9999 65.6726010640462 64.4112561543783 -9999 -9999 -9999 -9999 -9999 -9999 -9999 -9999 69.5928268432617 72.9405072530111 75.1499328613281 76.5028457641602 77.7348175048828 73.85706837972 71.6858774820964 -9999
-9999 -9999 -9999 78.444834391276 78.9916788736979 80.5825017293294 80.7112884521484 80.2871170043945 79.4607162475586 77.2901331583659 75.9448089599609 74.7878952026367 73.9893976847331 74.2585220336914 74.1823527018229 73.8270568847656 72.7221959431966 72.7561238606771 73.1152598063151 75.0638936360677 76.9057413736979 77.7881444295247 78.0361887613932 78.0799407958984 76.8797836303711 75.418815612793 73.3224792480469 -9999 -9999 -9999 -9999 -9999 -9999 -9999 -9999 -9999 -9999 -9999 -9999 -9999 -9999 -9999 -9999 70.0201721191406 72.247615814209 74.8755137125651 78.0893020629883 78.4720001220703 76.3670857747396 -9999
-9999 -9999 -9999 -9999 77.4492441813151 78.6530329386393 77.5135726928711 76.1201769510905 74.2581011454264 70.770315806071 69.0917116800944 67.8781649271647 68.0931142171224 70.7429911295573 71.8080851236979 72.0264180501302 69.743704477946 68.830499013265 68.3194007873535 69.6632258097331 72.2659606933594 74.4538243611654 77.0328725179036 78.8099009195964 77.9595031738281 76.5853983561198 73.7943293253581 -9999 -9999 -9999 -9999 -9999 -9999 -9999 -9999 -9999 -9999 -9999 73.5041478474935 74.8334477742513 -9999 -9999 -9999 -9999 70.0321083068848 72.8847452799479 76.7961095174154 80.2403996785482 78.7696024576823 76.5594050089518
-9999 -9999 -9999 75.3913904825846 75.0916213989258 75.2745641072591 71.1688296000163 68.3089129130046 65.4512888590495 62.3842035929362 61.711597442627 61.5971908569336 63.5399983723958 67.3617833455404 69.1907946268717 70.1053911844889 66.1310628255208 63.1366628011068 60.3202133178711 57.7151362101237 58.3816973368327 59.9630813598633 63.0419120788574 67.4305165608724 69.0190226236979 70.1657867431641 70.5138626098633 -9999 -9999 -9999 -9999 -9999 -9999 -9999 -9999 -9999 -9999 -9999 70.4626617431641 70.7237904866536 -9999 -9999 -9999 -9999 -9999 -9999 71.1294606526693 76.0401051839193 76.7853698730469 76.4293899536133
-9999 -9999 -9999 -9999 73.5543874104818 73.1169230143229 68.5033365885417 66.3458251953125 65.01744333903 64.3701731363932 64.5270907084147 64.7647972106934 65.261713663737 66.0246111551921 66.4272333780925 66.6866188049316 65.7878926595052 65.0650838216146 64.3529955546061 63.5009549458822 63.2565752665202 63.2610994974772 63.5161972045898 65.6910591125488 66.8059336344401 -9999 -9999 -9999 -9999 -9999 -9999 -9999 -9999 -9999 -9999 -9999 -9999 -9999 -9999 68.2203165690104 -9999 -9999 -9999 -9999 -9999 -9999 -9999 67.8447278340658 69.1551856994629 70.3188616434733
-9999 -9999 -9999 -9999 71.7340825398763 71.1115900675456 67.3056945800781 65.8669776916504 65.3791720072428 65.3618927001953 65.2522290547689 64.9260533650716 63.4837265014648 62.5215276082357 62.4574648539225 63.0389137268066 65.0570475260417 66.4675585428874 67.765749613444 68.8554725646973 67.9138348897298 67.2616602579753 66.6586786905925 -9999 -9999 -9999 -9999 -9999 -9999 -9999 -9999 -9999 -9999 -9999 -9999 -9999 -9999 70.0356165568034 69.6567586263021 68.837153116862 -9999 -9999 -9999 -9999 -9999 -9999 -9999 -9999 -9999 -9999
-9999 -9999 -9999 71.2033233642578 69.5915781656901 68.9144770304362 66.4775327046712 65.851308186849 66.0648193359375 66.1254297892253 65.3312594095866 64.0502154032389 60.2579828898112 57.8285166422526 57.5780410766602 58.864491780599 64.1005121866862 67.8567148844401 71.378039042155 74.7134119669596 73.0643310546875 71.9985911051432 -9999 -9999 -9999 -9999 -9999 -9999 -9999 -9999 -9999 -9999 -9999 -9999 -9999 -9999 -9999 -9999 71.062692006429 70.6263338724772 -9999 -9999 -9999 -9999 -9999 -9999 -9999 -9999 -9999 -9999
-9999 -9999 -9999 71.248779296875 68.2632153828939 64.1530316670736 61.4281667073568 59.8059196472168 58.4010327657064 57.9093920389811 58.1265691121419 58.1748479207357 57.2477798461914 56.6493873596191 56.8050435384115 57.566956837972 60.7475751241048 63.1800168355306 65.4467328389486 67.3595606486003 67.120496114095 -9999 -9999 -9999 -9999 -9999 -9999 -9999 -9999 -9999 -9999 -9999 -9999 -9999 -9999 -9999 -9999 -9999 69.8641408284505 69.0715624491374 -9999 -9999 -9999 -9999 -9999 -9999 -9999 -9999 -9999 -9999
-9999 -9999 70.8922932942708 68.2813288370768 65.7306671142578 62.3152707417806 59.8838729858398 58.4531796773275 57.2296129862467 56.7287673950195 57.448060353597 57.9378827412923 57.1643829345703 56.8378766377767 57.2873980204264 58.4496663411458 61.4241498311361 63.3725357055664 65.2221565246582 67.3076934814453 68.3106231689453 -9999 -9999 -9999 -9999 -9999 -9999 -9999 -9999 -9999 -9999 -9999 -9999 -9999 -9999 -9999 -9999 -9999 70.9606450398763 70.550183614095 -9999 -9999 -9999 -9999 -9999 -9999 -9999 -9999 -9999 -9999
-9999 -9999 69.676882425944 66.8293571472168 64.1816609700521 61.0709482828776 59.1263275146484 58.0438588460286 57.1754099527995 56.5039965311686 57.1014785766602 57.4611981709798 56.466921488444 56.4940439860026 57.3526000976562 59.090503692627 62.1356811523438 63.6543680826823 65.0881830851237 67.1205978393555 69.2690556844075 -9999 -9999 -9999 -9999 -9999 -9999 -9999 -9999 -9999 -9999 -9999 -9999 -9999 -9999 -9999 -9999 -9999 -9999 -9999 -9999 -9999 -9999 -9999 -9999 -9999 -9999 -9999 -9999 -9999
