Raster_environnement/Raster_temperature_spring.asc
NCOLS 79 
NROWS 71 
XLLCORNER -10.5 
YLLCORNER 36 
CELLSIZE 0.5 
NODATA_value -9999 
[rows 44 to 65 of 71, columns 0 to 49 of 79]
-9999 -9999 -9999 -9999 -9999 -9999 -9999 -9999 -9999 -9999 -9999 -9999 -9999 -9999 -9999 -9999 -9999 -9999 10.2644592285156 10.0942626953125 10.0432983398438 9.96247762044271 9.82202555338546 9.73080851236983 9.74089965820315 9.78227132161459 10.0026997884115 9.99052327473959 9.9306579589844 9.78157958984377 9.47474568684896 9.20548909505209 8.93560180664065 8.82357177734377 8.99019775390627 9.16691487630209 9.43884684244796 9.5759216308594 9.43829752604171 9.20498046875002 8.84262491861983 8.70650634765627 8.62788289388021 8.66178792317709 8.39620361328127 8.17130940755209 7.92611083984377 7.64894002278646 7.65909220377608 7.69911092122396
-9999 -9999 -9999 -9999 -9999 -9999 -9999 -9999 -9999 -9999 -9999 -9999 -9999 -9999 10.7938171386719 -9999 -9999 -9999 9.97307739257815 9.61830037434896 9.48365681966146 9.44174601236983 9.47712605794271 9.70317993164065 9.89994710286459 10.1061442057292 10.4164469401042 10.3279663085938 10.2487426757813 10.1491841634115 9.94419759114584 9.71063639322921 9.46039225260421 9.28057250976565 9.25532430013021 9.21810302734377 9.14280598958334 8.83538208007815 8.58339843750002 8.32343953450521 8.19189860026046 8.27486572265627 8.40215454101565 8.69289550781252 8.75095011393233 8.63111775716146 8.42109578450521 7.85069173177084 7.47465413411459 7.26016642252608
-9999 -9999 -9999 -9999 -9999 -9999 -9999 -9999 -9999 -9999 -9999 -9999 10.9541768391927 10.6575459798177 10.5091389973958 10.4249613444011 10.3574768066406 10.242578125 10.1207722981771 9.96419677734377 9.98960774739584 10.0123942057292 10.0409281412761 10.2197204589844 10.3363484700521 10.4391215006511 10.4625793457031 10.2267903645833 10.074843343099 9.97306722005209 9.79050089518233 9.50046183268233 9.17021077473959 8.83950195312502 8.75604654947921 8.68729044596358 8.6155944824219 8.42215372721358 8.22453206380209 8.00532430013021 7.78939208984377 7.79262695312502 7.85517781575521 8.09246215820315 8.17440185546877 8.17734171549483 8.14934692382815 8.00753173828127 7.89557291666671 7.80850626627608
-9999 -9999 -9999 -9999 -9999 -9999 -9999 -9999 -9999 -9999 -9999 -9999 -9999 -9999 11.0471130371094 10.9695882161458 10.7561584472656 10.6005900065105 10.4553059895833 10.3239685058594 10.4139851888021 10.4574523925781 10.4704020182292 10.5495747884115 10.5743855794271 10.5783223470052 10.4351033528646 10.1213012695313 9.91273396809896 9.75981038411459 9.60354003906252 9.40196126302084 9.17561238606771 8.89276529947921 8.74701334635421 8.61184082031252 8.43739217122396 8.19401448567709 7.81019490559896 7.34287923177084 6.67656860351565 6.42377115885421 6.26040039062502 6.25514119466146 6.03782552083334 5.93992513020834 5.87361043294271 5.9742370605469 6.18576456705733 6.41695556640627
-9999 -9999 -9999 -9999 -9999 -9999 -9999 -9999 -9999 -9999 -9999 -9999 -9999 -9999 -9999 -9999 -9999 11.0781595865886 10.867313639323 10.7084086100261 10.8340494791667 10.8847696940105 10.879296875 10.8359212239583 10.7598307291667 10.6608927408855 10.3822672526042 10.012353515625 9.75395100911459 9.53898518880209 9.4139343261719 9.34441528320315 9.2730651855469 9.02621866861983 8.76918945312502 8.51851806640627 8.17065836588546 7.82571818033858 7.1916442871094 6.40143229166671 5.17956949869796 4.62983601888021 4.21301676432296 3.96027018229171 3.41456502278646 3.19207153320315 3.0620056152344 3.39252115885421 3.95587565104171 4.56504720052084
-9999 -9999 -9999 -9999 -9999 -9999 -9999 -9999 -9999 -9999 -9999 -9999 -9999 -9999 -9999 -9999 -9999 11.7822306315105 11.4365275065105 10.9329264322917 10.821669514974 10.7701253255208 10.7592814127605 10.5294026692708 10.3724304199219 10.2322733561198 10.1952860514323 10.0525044759115 9.9318786621094 9.79119262695315 9.74927164713546 9.83989868164065 9.86270548502608 7.93402506510421 6.41793212890627 5.11045735677084 3.61762898763021 2.97795003255209 2.34735514322921 1.64515584309896 0.385247802734398 0.124719238281273 0.237685139973962 1.33603312174483 2.41345621744796 3.10780232747396 3.76248575846358 4.72497965494796 5.35169881184896 6.03057250976565
-9999 -9999 -9999 -9999 -9999 -9999 -9999 -9999 -9999 -9999 -9999 -9999 -9999 -9999 -9999 -9999 -9999 -9999 -9999 11.5151916503906 11.2565958658855 10.9987630208333 10.6466715494792 10.1356852213542 9.86392618815108 9.63004964192709 9.49590454101565 9.39195149739584 9.44502156575521 9.73208007812502 9.94055582682296 9.76035970052084 9.36195271809896 6.52018636067709 4.58390706380209 3.45256958007815 3.30520019531252 4.48793945312502 5.05699055989584 5.48214111328127 4.33234049479171 4.11075236002608 4.18600870768233 5.03851725260421 6.45903930664065 7.56556599934896 8.72689208984377 8.68632405598959 8.44953816731771 8.2750183105469
-9999 -9999 -9999 -9999 -9999 -9999 -9999 -9999 -9999 -9999 -9999 -9999 -9999 -9999 -9999 -9999 -9999 -9999 -9999 12.0174499511719 11.6665486653646 11.299940999349 10.7825256347656 10.0926350911458 9.67535807291671 9.28188476562502 8.81602376302084 8.64106648763021 8.80359293619796 9.48921101888021 9.88835042317709 9.48501993815108 8.74288330078127 5.15335489908858 3.5766540527344 3.08024495442709 4.34790445963546 6.90390421549483 8.13874715169271 9.08574829101565 7.93725992838546 7.79994099934896 7.88003946940108 8.53967692057296 9.91395467122396 11.0418131510417 12.2548055013021 11.5466654459636 10.6992635091146 9.90545043945315
-9999 -9999 -9999 -9999 -9999 -9999 -9999 -9999 -9999 -9999 -9999 -9999 -9999 -9999 -9999 -9999 -9999 -9999 -9999 -9999 12.1967203776042 11.8676595052083 11.4616943359375 10.7194559733073 10.0363911946615 9.28813069661459 7.89374186197921 7.4030700683594 7.5943542480469 8.78570963541671 9.33708089192709 8.71206054687502 7.63626505533858 3.31445719401046 3.77499796549483 5.0751892089844 8.4785095214844 12.0937032063802 13.2223449707031 13.7191914876302 12.359267171224 12.4298034667969 12.6001932779948 13.0912719726563 13.6367431640625 -9999 -9999 -9999 12.214501953125 -9999
-9999 -9999 -9999 -9999 -9999 -9999 -9999 -9999 -9999 -9999 -9999 -9999 -9999 -9999 -9999 -9999 -9999 -9999 -9999 13.2558329264323 12.4751932779948 12.0107157389323 11.691288248698 11.032861328125 10.3036234537761 9.47171427408858 7.79975789388021 7.57377522786459 8.01668701171877 9.54632975260421 9.99975992838546 9.13775024414065 7.79275919596358 3.41879679361983 4.22410481770834 5.5588317871094 8.44318033854171 10.9939107259115 11.4461405436198 11.327284749349 10.5013977050781 11.0729817708333 11.6536804199219 12.4943990071615 13.0441223144531 13.5417928059896 -9999 -9999 -9999 -9999
-9999 -9999 -9999 -9999 -9999 -9999 -9999 -9999 -9999 -9999 -9999 -9999 -9999 -9999 -9999 -9999 -9999 -9999 13.4937072753906 13.2064453125 12.5136047363281 12.1846659342448 12.0984436035156 11.5616292317708 10.9035176595052 10.1603434244792 8.82947184244796 8.81891276041671 9.37663167317709 10.9328145345052 11.3728576660156 10.5677327473958 9.34228922526046 5.94991455078127 6.26102091471358 7.14359944661459 9.45660807291671 11.6652262369792 -9999 -9999 11.4877054850261 11.5059549967448 11.5540100097656 11.6966288248698 12.0213460286458 12.522831217448 -9999 -9999 -9999 -9999
-9999 -9999 -9999 -9999 -9999 13.1076599121094 -9999 -9999 -9999 -9999 -9999 -9999 -9999 -9999 -9999 -9999 -9999 -9999 13.2172485351563 12.882206217448 12.4271993001302 12.3235310872396 12.5329833984375 12.1528869628906 11.625390625 11.0505615234375 10.3073160807292 10.5296569824219 11.1711161295573 12.6443725585938 13.0886881510417 12.4436381022136 11.4791605631511 9.48178507486983 9.02121378580733 9.26933186848959 -9999 -9999 -9999 -9999 -9999 -9999 11.7321818033855 10.7992797851563 10.7990559895833 11.2613972981771 11.9827311197917 13.8372741699219 -9999 -9999
-9999 -9999 -9999 12.4003540039063 11.676639811198 10.4905131022136 9.71664835611983 9.23884480794271 8.80940144856771 8.43889770507815 8.41868489583334 8.49322916666671 8.95880533854171 9.61713053385421 10.0581807454427 10.4736979166667 10.6455627441406 10.498905436198 10.2715087890625 9.65302937825521 9.14877726236983 9.05472208658858 9.33627726236983 9.76939290364584 10.3545878092448 11.0469604492188 12.5344278971355 13.5832967122396 -9999 -9999 -9999 -9999 14.8069905598958 14.7672566731771 -9999 -9999 -9999 -9999 -9999 -9999 -9999 -9999 13.9662312825521 12.0607442220052 11.1935160319011 10.8943216959636 10.7724243164063 12.2328531901042 13.4378092447917 -9999
-9999 -9999 -9999 12.4216247558594 11.5022725423177 10.0001668294271 9.21812337239584 8.86082356770834 8.65063883463546 8.68169555664065 8.78433634440108 8.90169677734377 9.10691731770834 9.19095255533858 9.3864685058594 9.72459309895834 10.3308553059896 10.4488362630208 10.424462890625 9.71645507812502 8.69937540690108 8.03863932291671 7.49080810546877 7.51796875000002 8.30158894856771 9.34462890625002 11.8510172526042 -9999 -9999 -9999 -9999 -9999 -9999 -9999 -9999 -9999 -9999 -9999 -9999 -9999 -9999 -9999 -9999 14.0282531738281 12.3769266764323 11.4227640787761 10.5908955891927 10.8583109537761 11.9334452311198 -9999
-9999 -9999 -9999 -9999 11.5087524414063 9.86062011718752 9.25577189127608 9.07168986002608 9.07361246744796 9.35383504231771 9.47177530924483 9.53622843424483 9.40274454752608 8.98109334309896 8.92694498697921 9.12834065755209 10.1710957845052 10.6797627766927 11.0320576985677 10.6857035319011 9.59005126953127 8.68350626627608 7.63210449218752 7.26274007161459 8.00307617187502 9.07561645507815 11.8623291015625 -9999 -9999 -9999 -9999 -9999 -9999 -9999 -9999 -9999 -9999 -9999 13.5053649902344 13.0270222981771 -9999 -9999 -9999 -9999 13.6484822591146 12.3605590820313 11.0391784667969 10.2048685709636 10.9149922688802 11.8663167317708
-9999 -9999 -9999 12.8880554199219 11.941532389323 10.4876546223958 10.5646199544271 10.7460266113281 11.0273885091146 11.2984252929688 11.1857543945313 10.9520711263021 10.1620218912761 9.19499104817709 8.78241373697921 8.65385335286459 10.3110595703125 11.6606282552083 12.9458048502605 14.1617065429688 13.9738098144531 13.4759460449219 12.4846842447917 11.5836527506511 11.697147623698 12.0584045410156 13.5059753417969 -9999 -9999 -9999 -9999 -9999 -9999 -9999 -9999 -9999 -9999 -9999 14.2721801757813 13.9807983398438 -9999 -9999 -9999 -9999 -9999 -9999 13.1409545898438 10.9819478352865 10.6313008626302 10.6368143717448
-9999 -9999 -9999 -9999 12.4372701009115 11.117812093099 11.2421305338542 11.19130859375 11.0328816731771 10.5439595540365 10.2420593261719 9.97121582031252 9.72283325195315 9.45991414388021 9.28599446614584 9.12460734049483 9.58478190104171 10.1833435058594 10.8608947753906 12.0978434244792 13.1587565104167 13.9241780598958 14.6761006673177 14.7864522298177 14.8071634928386 -9999 -9999 -9999 -9999 -9999 -9999 -9999 -9999 -9999 -9999 -9999 -9999 -9999 -9999 14.5263712565105 -9999 -9999 -9999 -9999 -9999 -9999 -9999 14.2961263020833 13.4209330240886 12.6647888183594
-9999 -9999 -9999 -9999 12.9526611328125 11.5789021809896 11.6414021809896 11.4742777506511 11.1422465006511 10.4296000162761 10.1844217936198 10.068994140625 10.4276570638021 10.6055541992188 10.5352518717448 10.2595153808594 9.72616984049483 9.68125813802084 9.80515950520834 10.8119649251302 12.445692952474 13.6711059570313 14.9396097819011 -9999 -9999 -9999 -9999 -9999 -9999 -9999 -9999 -9999 -9999 -9999 -9999 -9999 -9999 14.3561950683594 14.0730122884115 14.0662780761719 -9999 -9999 -9999 -9999 -9999 -9999 -9999 -9999 -9999 -9999
-9999 -9999 -9999 14.2818542480469 13.5380086263021 12.0369303385417 11.9917134602865 11.7348063151042 11.3015075683594 10.5262797037761 10.4311767578125 10.5579060872396 11.6208638509115 12.2009724934896 12.1994466145833 11.7667073567708 10.1898539225261 9.46054484049483 8.98205973307296 9.64225667317709 11.681278483073 13.1405375162761 -9999 -9999 -9999 -9999 -9999 -9999 -9999 -9999 -9999 -9999 -9999 -9999 -9999 -9999 -9999 -9999 13.1044860839844 13.1963643391927 -9999 -9999 -9999 -9999 -9999 -9999 -9999 -9999 -9999 -9999
-9999 -9999 -9999 14.7094563802083 14.2794128417969 13.755741373698 13.7886800130208 13.8997334798177 14.0797465006511 13.6362243652344 13.1895690917969 12.840458170573 12.8582702636719 13.0322306315105 12.9642272949219 12.6961303710938 12.0959004720052 12.05263671875 12.2110432942708 13.4426615397136 15.2246744791667 -9999 -9999 -9999 -9999 -9999 -9999 -9999 -9999 -9999 -9999 -9999 -9999 -9999 -9999 -9999 -9999 -9999 14.7590169270833 14.4807474772136 -9999 -9999 -9999 -9999 -9999 -9999 -9999 -9999 -9999 -9999
-9999 -9999 15.4933308919271 15.1765380859375 14.8352600097656 14.3164611816406 14.2394449869792 14.2824951171875 14.4012390136719 14.011865234375 13.4533325195313 12.9748575846355 12.7819763183594 12.8736511230469 12.8107442220052 12.6140482584636 12.3717793782552 12.5828491210938 12.9512064615886 14.179091389974 15.4309834798177 -9999 -9999 -9999 -9999 -9999 -9999 -9999 -9999 -9999 -9999 -9999 -9999 -9999 -9999 -9999 -9999 -9999 15.3943827311198 15.2473897298177 -9999 -9999 -9999 -9999 -9999 -9999 -9999 -9999 -9999 -9999
-9999 -9999 15.7258646647136 15.5154052734375 15.2522420247396 14.7385904947917 14.4923034667969 14.4105570475261 14.3992045084636 14.1114339192708 13.6300801595052 13.2097106933594 13.006473795573 12.9223876953125 12.7683553059896 12.5152221679688 12.559940592448 13.0405619303386 13.6455017089844 14.9241678873698 15.6957641601563 -9999 -9999 -9999 -9999 -9999 -9999 -9999 -9999 -9999 -9999 -9999 -9999 -9999 -9999 -9999 -9999 -9999 -9999 -9999 -9999 -9999 -9999 -9999 -9999 -9999 -9999 -9999 -9999 -9999
