Raster_environnement/Raster_relative_humidity_summer.asc
NCOLS 79 
NROWS 71 
XLLCORNER -10.5 
YLLCORNER 36 
CELLSIZE 0.5 
NODATA_value -9999 
[rows 44 to 65 of 71, columns 0 to 49 of 79]
-9999 -9999 -9999 -9999 -9999 -9999 -9999 -9999 -9999 -9999 -9999 -9999 -9999 -9999 -9999 -9999 -9999 -9999 82.8719940185547 82.5327504475911 82.0360463460286 81.5104039510091 80.7621739705404 80.6005630493164 80.6294326782227 80.6549936930339 80.3446324666341 80.1172993977865 80.0723317464193 80.2549641927083 81.035146077474 81.9455871582031 82.8728815714518 82.5183614095052 81.1852620442708 79.9444961547852 78.3342539469401 77.41419728597 78.1877415974935 79.5317255655925 80.9345372517904 81.191276550293 81.0990829467773 80.0917561848958 80.9189682006836 81.7631963094075 82.7512537638346 83.8641688028971 83.2704544067383 82.5537363688151
-9999 -9999 -9999 -9999 -9999 -9999 -9999 -9999 -9999 -9999 -9999 -9999 -9999 -9999 83.2833353678385 -9999 -9999 -9999 82.3133036295573 82.8321050008138 83.2902577718099 82.9610595703125 81.7232259114583 80.3286107381185 79.5377426147461 78.7704213460286 77.4989725748698 77.3985926310221 77.2507171630859 76.9774169921875 77.6140263875325 79.0150527954102 80.6280364990234 81.600341796875 81.9463043212891 82.1564458211263 82.2089284261068 82.0971298217773 83.2390925089518 84.8508809407552 85.8014856974284 85.4470545450846 84.8115641276042 83.2098108927409 82.5040893554688 82.69984181722 83.2858479817708 84.6871922810872 85.2178064982096 84.9633636474609
-9999 -9999 -9999 -9999 -9999 -9999 -9999 -9999 -9999 -9999 -9999 -9999 82.6133931477865 81.3411610921224 80.5213317871094 79.7848790486654 78.9679819742839 79.033457438151 79.2224833170573 79.7312800089518 79.6931813557943 79.3201014200846 78.4745788574219 77.1649373372396 76.4977493286133 75.9161961873372 75.4142761230469 76.5495758056641 77.2472229003906 77.6431248982747 78.853525797526 80.8434041341146 83.1010767618815 85.0356750488281 84.9906794230143 84.6365127563477 83.5620269775391 81.9872105916341 82.3556340535482 83.3237559000651 84.2903442382812 84.3436737060547 84.1421839396159 83.2176106770833 83.4255930582682 83.4161554972331 83.318733215332 82.5218048095703 81.6194458007812 80.6592915852865
-9999 -9999 -9999 -9999 -9999 -9999 -9999 -9999 -9999 -9999 -9999 -9999 -9999 -9999 79.8125762939453 79.1594085693359 76.7931187947591 76.5531361897786 76.5897369384766 77.1895167032878 77.202995300293 76.9113540649414 76.207145690918 74.9604365030925 74.4344151814779 74.072151184082 74.4817581176758 76.6729965209961 78.1557490030925 79.2964935302734 80.3077672322591 81.3368708292643 82.4266764322917 83.3925247192383 83.1185887654622 82.6438344319661 81.5949630737305 79.8899103800456 80.2734349568685 81.3037974039714 82.5535380045573 83.1591059366862 83.5572509765625 83.596310933431 84.9596888224284 85.3100662231445 85.3145116170247 84.2135213216146 82.9172922770182 81.6688334147135
-9999 -9999 -9999 -9999 -9999 -9999 -9999 -9999 -9999 -9999 -9999 -9999 -9999 -9999 -9999 -9999 -9999 74.2212931315104 73.9895401000977 74.6198120117188 74.832394917806 74.6738128662109 74.0856450398763 72.9399388631185 72.5705846150716 72.4382502237956 73.748914082845 76.9442749023438 79.1970850626628 81.1110432942708 81.7110163370768 81.319580078125 80.7111231486003 80.3543955485026 79.9696884155273 79.5597559611003 78.9256286621094 77.4665552775065 78.0673802693685 79.330810546875 80.9118169148763 82.1020431518555 83.13441212972 84.1912994384766 86.666493733724 87.451914469401 87.6929168701172 86.6789347330729 85.2133611043294 83.7712910970052
-9999 -9999 -9999 -9999 -9999 -9999 -9999 -9999 -9999 -9999 -9999 -9999 -9999 -9999 -9999 -9999 -9999 76.3394775390625 74.5442784627279 72.7518971761068 73.3794631958008 73.7377471923828 73.958750406901 73.9434331258138 73.7434641520182 73.461908976237 72.6278864542643 74.5061798095703 75.9458567301432 77.3900553385417 77.4218063354492 75.5119222005208 73.3756205240885 76.9339116414388 78.9734242757161 80.8807856241862 83.3740488688151 83.6605453491211 84.6377919514974 85.9092330932617 86.7745056152344 87.3494389851888 87.639658610026 87.3323771158854 85.8480733235677 84.6308237711589 83.322151184082 80.9507217407227 79.2463251749675 77.9639714558919
-9999 -9999 -9999 -9999 -9999 -9999 -9999 -9999 -9999 -9999 -9999 -9999 -9999 -9999 -9999 -9999 -9999 -9999 -9999 69.572940826416 70.7842381795247 72.1271324157715 74.0963668823242 74.6739349365234 74.6276880900065 74.4957885742188 74.4112447102865 76.4290873209635 77.0408096313477 76.0075352986654 73.7216669718425 71.8132731119792 70.1921946207682 74.8834508260091 77.0792643229167 78.6330897013346 79.6850433349609 78.2595392862956 76.4524815877279 74.4613215128581 79.484743754069 81.209971110026 82.3223215738932 82.3475672403971 79.4158604939779 76.0576299031575 71.9845835367839 71.289192199707 71.8997294108073 72.7770512898763
-9999 -9999 -9999 -9999 -9999 -9999 -9999 -9999 -9999 -9999 -9999 -9999 -9999 -9999 -9999 -9999 -9999 -9999 -9999 67.3840726216634 68.8290748596191 70.5454483032227 73.1655426025391 73.9987030029297 74.2516250610352 74.5205383300781 75.8019510904948 78.0825322469075 78.0332972208659 74.8179244995117 71.0410563151042 69.194206237793 68.0064442952474 74.0107345581055 75.0594838460286 75.1510187784831 73.5281829833984 70.1939951578776 67.1264114379883 63.9870859781901 71.3014017740885 73.3822479248047 74.7823257446289 75.0420328776042 72.2842025756836 69.0531590779622 65.1093788146973 65.7175890604655 67.5391794840495 69.5665105183919
-9999 -9999 -9999 -9999 -9999 -9999 -9999 -9999 -9999 -9999 -9999 -9999 -9999 -9999 -9999 -9999 -9999 -9999 -9999 -9999 67.322011311849 68.3676223754883 69.7552833557129 70.2881139119466 71.248903910319 72.5766092936198 76.9967193603516 79.8900604248047 79.2345275878906 73.5155614217122 69.253231048584 67.6111106872559 66.8749109903971 75.0873260498047 71.9596379597982 67.8110173543294 59.9904136657715 53.5739885965983 51.7136878967285 51.0986735026042 57.9878349304199 59.0127309163411 59.7713330586751 60.1699879964193 60.8371365865072 -9999 -9999 -9999 67.2343330383301 -9999
-9999 -9999 -9999 -9999 -9999 -9999 -9999 -9999 -9999 -9999 -9999 -9999 -9999 -9999 -9999 -9999 -9999 -9999 -9999 64.9442609151204 67.0438067118327 68.0392252604167 68.2972462972005 68.4359753926595 69.3169174194336 70.6186701456706 75.1275863647461 75.7752685546875 73.1548385620117 65.0356241861979 61.3012619018555 61.2323799133301 62.4032592773438 72.9056193033854 72.366460164388 70.5297546386719 65.5178642272949 61.5119323730469 62.3207410176595 64.6555926005046 70.1451746622721 67.6700134277344 65.190190633138 61.6861712137858 60.6142565409342 62.0847244262695 -9999 -9999 -9999 -9999
-9999 -9999 -9999 -9999 -9999 -9999 -9999 -9999 -9999 -9999 -9999 -9999 -9999 -9999 -9999 -9999 -9999 -9999 69.5834223429362 65.79115041097 66.9422238667806 66.7734057108561 65.2224998474121 64.5554517110189 65.2773462931315 66.4367955525716 70.0214487711589 69.7505696614583 66.7835413614909 58.9463284810384 55.4256528218587 55.7137158711751 57.1674728393555 65.5202039082845 66.9735120137533 66.979258219401 64.3348134358724 64.932726542155 -9999 -9999 69.4242833455404 66.8346761067708 64.6502749125163 62.5930430094401 62.4666951497396 62.808479309082 -9999 -9999 -9999 -9999
-9999 -9999 -9999 -9999 -9999 81.7921676635742 -9999 -9999 -9999 -9999 -9999 -9999 -9999 -9999 -9999 -9999 -9999 -9999 71.301872253418 67.4548950195312 67.0521799723307 65.3163757324219 61.6079711914062 59.8861300150553 60.3456319173177 61.251532236735 63.5130360921224 62.7586059570312 59.9954516092936 53.3747876485189 50.0154279073079 50.2354164123535 51.3919537862142 56.0196406046549 59.5115102132161 61.4222857157389 -9999 -9999 -9999 -9999 -9999 -9999 62.3101221720378 63.2646420796712 64.9380175272624 63.7577311197917 61.2510681152344 62.7990239461263 -9999 -9999
-9999 -9999 -9999 78.5870208740234 77.0317357381185 78.0466944376628 79.1935221354167 79.9690933227539 80.7258148193359 82.7081654866536 83.9514516194661 84.8293609619141 84.3926340738932 81.9334996541341 80.5689951578776 79.596310933431 78.3415959676107 77.2334391276042 76.1186930338542 74.7047729492188 76.5502446492513 75.5957717895508 71.4897206624349 66.0895487467448 62.7308565775553 59.9059740702311 60.4314422607422 66.58056640625 -9999 -9999 -9999 -9999 56.9975446065267 55.2193616231283 -9999 -9999 -9999 -9999 -9999 -9999 -9999 -9999 60.9105949401855 55.9086163838704 57.4882659912109 58.9120305379232 60.5049578348796 63.1638870239258 65.2893778483073 -9999
-9999 -9999 -9999 75.8271891276042 73.5192642211914 73.872080485026 73.6061223347982 72.8367207845052 71.6103057861328 70.1969502766927 70.0808715820312 70.2333730061849 71.4011535644531 73.19175974528 73.8294932047526 73.8091481526693 70.4894154866536 68.3452301025391 66.5007934570312 65.7314631144206 68.7226842244466 70.4716033935547 71.622553507487 70.4244995117188 67.6191991170247 64.6756655375163 63.3320490519206 -9999 -9999 -9999 -9999 -9999 -9999 -9999 -9999 -9999 -9999 -9999 -9999 -9999 -9999 -9999 -9999 61.0135205586751 56.3508008321126 57.3461519877116 60.7530110677083 64.4900677998861 65.9135932922363 -9999
-9999 -9999 -9999 -9999 69.9432067871094 69.3913014729818 67.6645711263021 65.6356811523438 62.9612299601237 59.3970158894857 58.5241317749023 58.3330904642741 60.6978963216146 65.1987597147624 67.2373326619466 68.0780919392904 63.2644360860189 60.1131960550944 57.3931376139323 56.2285792032878 59.2166023254395 62.3836161295573 66.8964131673177 69.4401575724284 68.0954793294271 66.2224909464518 64.9361292521159 -9999 -9999 -9999 -9999 -9999 -9999 -9999 -9999 -9999 -9999 -9999 68.3805160522461 64.1818300882975 -9999 -9999 -9999 -9999 58.1825307210286 57.7355562845866 60.0064837137858 63.9967918395996 64.9373944600423 65.422861735026
-9999 -9999 -9999 69.3799616495768 64.8003387451172 62.416571299235 58.5374857584635 55.4186808268229 51.9758745829264 48.3249003092448 47.8070424397786 48.031005859375 51.1126365661621 55.7911046346029 58.3767751057943 60.2062403361003 54.6445287068685 50.1548538208008 45.8700383504232 41.7171096801758 42.0085093180339 44.1442527770996 48.911190032959 55.601687113444 58.4225133260091 60.8309580485026 64.1382484436035 -9999 -9999 -9999 -9999 -9999 -9999 -9999 -9999 -9999 -9999 -9999 64.9393653869629 58.5726648966471 -9999 -9999 -9999 -9999 -9999 -9999 56.6335233052572 59.0446929931641 59.8241577148438 59.300407409668
-9999 -9999 -9999 -9999 61.7078412373861 58.1245231628418 53.4853820800781 51.0288098653158 49.1812680562337 47.5321388244629 47.285898844401 47.2896906534831 48.1490275065104 49.260326385498 49.9738578796387 50.6118418375651 49.678471883138 48.6698900858561 47.6457544962565 46.4163004557292 46.7444025675456 48.1933161417643 51.2968457539876 60.8217544555664 65.3889745076497 -9999 -9999 -9999 -9999 -9999 -9999 -9999 -9999 -9999 -9999 -9999 -9999 -9999 -9999 54.7336095174154 -9999 -9999 -9999 -9999 -9999 -9999 -9999 55.7416330973307 53.4930648803711 51.8721021016439
-9999 -9999 -9999 -9999 59.8096262613932 56.1188278198242 51.5945205688477 49.4889717102051 48.2044995625814 46.6703147888184 45.825621287028 44.9927686055501 43.7981554667155 43.0233510335286 43.0740814208984 43.7518043518066 46.3187357584635 48.3165105183919 50.2859725952148 52.7053476969401 53.4761085510254 55.6125132242839 59.9016583760579 -9999 -9999 -9999 -9999 -9999 -9999 -9999 -9999 -9999 -9999 -9999 -9999 -9999 -9999 64.0515937805176 58.4275347391764 52.7180964152018 -9999 -9999 -9999 -9999 -9999 -9999 -9999 -9999 -9999 -9999
-9999 -9999 -9999 64.3127924601237 58.0990155537923 54.6714884440104 50.5836130777995 48.7626266479492 47.7472610473633 45.6787821451823 43.856569925944 41.8680102030436 38.4273630777995 36.1266593933105 35.8586247762044 37.0137557983398 43.1126607259115 48.317689259847 53.5530776977539 60.3226445515951 61.7329177856445 65.124033610026 -9999 -9999 -9999 -9999 -9999 -9999 -9999 -9999 -9999 -9999 -9999 -9999 -9999 -9999 -9999 -9999 53.5969467163086 51.097043355306 -9999 -9999 -9999 -9999 -9999 -9999 -9999 -9999 -9999 -9999
-9999 -9999 -9999 67.9792175292969 59.5169461568197 49.5511054992676 43.3000653584798 39.635082244873 36.5130182902018 34.8059037526449 34.2511603037516 33.7236684163411 32.883934656779 32.6812534332275 33.2013683319092 34.4164759318034 38.9872220357259 43.5354347229004 48.5361455281576 57.428342183431 66.7783406575521 -9999 -9999 -9999 -9999 -9999 -9999 -9999 -9999 -9999 -9999 -9999 -9999 -9999 -9999 -9999 -9999 -9999 58.4718767801921 53.2006619771322 -9999 -9999 -9999 -9999 -9999 -9999 -9999 -9999 -9999 -9999
-9999 -9999 70.1726328531901 63.1410738627116 56.3770573933919 47.8373998006185 42.1011975606283 38.7122383117676 35.8012771606445 33.5116634368896 33.2003587086995 32.9196122487386 32.2100563049316 32.2028077443441 32.9288558959961 34.4208958943685 39.0746320088704 43.463186899821 48.3259366353353 57.3698132832845 67.8261082967122 -9999 -9999 -9999 -9999 -9999 -9999 -9999 -9999 -9999 -9999 -9999 -9999 -9999 -9999 -9999 -9999 -9999 66.3010787963867 63.7715962727865 -9999 -9999 -9999 -9999 -9999 -9999 -9999 -9999 -9999 -9999
-9999 -9999 67.7058944702148 60.8658548990885 54.3762817382812 46.3686294555664 41.187749226888 38.1835683186849 35.6554781595866 33.0953375498454 32.6924889882406 32.3164227803548 31.420524597168 31.5562782287598 32.5431124369303 34.4632320404053 39.4608345031738 43.6966247558594 48.371161142985 57.2738761901855 68.6390889485677 -9999 -9999 -9999 -9999 -9999 -9999 -9999 -9999 -9999 -9999 -9999 -9999 -9999 -9999 -9999 -9999 -9999 -9999 -9999 -9999 -9999 -9999 -9999 -9999 -9999 -9999 -9999 -9999 -9999
